6416
84665
90
2624
6118
375
377
54464
351
333
10370
2033
338
409
1436
7916
27257
6521
602
153
672
421
5092
5664
825
3708
9223
5925
7251
4998
5000
4174
8317
4999
10926
10270
4171
6117
6119
5001
4172
7534
81704
9322
1033
5932
9464
1213
3486
7295
1386
896
10928
5479
1465
1445
1634
6493
6492
266743
1839
5111
11073
2316
27258
25804
23658
1387
4926
54512
5335
3895
3791
133522
6597
79039
2099
2260
7040
7341
51678
2566
2810
7041
2908
2645
3309
6514
6517
2898
2897
904
10287
3298
3984
2252
708
3646
3178
4670
9898
10989
8100
3064
9001
25764
4209
6929
3480
7531
8651
5747
5599
3643
3552
3717
705
3875
4000
4301
149428
663
6606
7159
57142
596
4790
8631
240
7409
4689
7520
4361
23468
51588
4286
79947
4904
26033
55729
10036
8125
4131
4176
4856
4297
4703
4804
51690
9627
2036
1326
5970
4839
2113
5361
208
2114
22941
2017
22938
4893
11146
10765
5966
2321
4985
4641
5147
5910
5079
8997
29982
8503
335
51691
9784
5310
5311
3739
5217
3364
5787
5573
5575
2241
5594
22927
8439
367
3689
10399
5170
23286
398
23607
9135
79890
889
5863
149371
675
5888
11144
26959
26574
6256
286
4005
6886
26019
6176
6181
9267
8940
6626
5174
6662
2516
1191
10497
939
2280
7528
2286
4647
8557
322
10153
6935
4692
472
4914
84941
6714
7046
7134
7128
7157
7132
4921
999
3672
3676
2313
7428
7515
7572
7556
10466
7507
7508
3054
186
10048
6421
660
4435
10716
3397
4036
2066
23413
9826
90249
10128
7337
9367
1488
65109
56000
990
1678
6457
1837
10243
10084
2623
2157
4068
2332
8087
4478
369
5605
5422
6103
3358
6855
6872
9083
10580
10138
11335
23162
598
581
19
57763
6884
5782
7286
9659
162
84687
3718
1984
51651
7088
3572
2059
2194
1063
5976
27247
5586
8502
6310
9409
9326
3376
27429
11221
585
9564
10293
1478
1477
7516
9242
3398
6925
5193
5194
23647
22916
11243
9451
1742
4690
50488
5965
8554
9261
6286
4063
5725
3430
6854
7270
1027
3636
9612
1028
7357
871
4760
1315
4646
55802
2186
50848
6868
666
597
11157
23705
1464
5901
8318
29979
3675
274
657
3184
23072
137492
10524
4605
27101
4085
5468
573
23645
2887
5629
2146
10657
6016
22808
5241
5886
5887
7068
59269
9616
10155
5191
6670
4175
5994
599
55620
118460
167227
3603
6015
5879
5880
7442
6867
10419
64326
6477
23089
6314
4734
8458
3611
1785
642
5528
1080
7884
9522
26034
8204
10614
5999
4215
8773
8498
2801
4116
9311
3556
2274
5511
394
3182
9971
321
2533
5564
5565
5571
84220
1788
6047
5493
6294
5602
5600
7205
9355
1876
5427
694
54476
55740
1317
6432
8446
4739
23524
4170
1616
4597
2175
8874
23048
332
8718
11035
10892
84270
1174
8905
8674
8932
85509
22888
3090
10158
10059
5873
9628
7727
10460
22894
5330
27289
22820
55048
10672
9402
51433
3682
10043
8576
10787
10912
11252
3758
65110
4681
6895
8411
8725
10256
143
9457
8726
27185
51429
84440
10107
23433
64081
22803
51225
54984
10549
29993
10628
10675
23613
9670
23236
28962
23594
23431
64105
57819
326
1894
26353
51298
8500
10492
5914
51102
7353
57761
5073
56915
2672
96764
26292
4016
4502
5592
26994
26251
1734
7329
10210
5187
8864
406
55145
26135
3297
1838
4173
898
2890
23037
2787
2786
2785
10681
84100
200576
6272
84838
23369
9533
9093
23345
51147
57554
140290
1797
11244
10092
60491
23163
116154
57492
24148
26059
51466
9033
51086
5218
9874
200539
51125
54825
4087
4088
4089
4092
658
57154
64750
6048
8859
7936
1192
7920
1460
57827
534
26003
9729
56658
7186
9873
84528
4110
3866
10241
665
11007
55388
3887
60
2130
23650
23059
1857
28986
23475
1635
7431
22822
57542
64769
54925
8241
10069
6783
9883
5359
9189
3964
9802
373
875
8428
9319
1054
9146
55663
79036
468
6303
4637
26150
4188
5584
11030
10783
7532
5013
9513
2992
2947
5257
4598
10363
23265
8382
50717
22899
311
8907
23099
23641
1366
572
3190
3198
25788
83878
1856
56474
329
8812
1647
3854
11052
54458
55274
7447
29085
4100
8996
51076
116225
23636
54461
1912
6945
9055
56952
4830
5090
9063
79173
59349
4735
26060
1407
3216
55093
54033
2307
80764
293
2139
4782
58500
902
26258
93487
55726
9482
26086
3099
8985
10016
4591
5721
5300
26071
9265
7718
22981
11228
2272
9260
11143
26580
9694
3983
4801
27229
6449
58516
10445
1725
84313
51562
54507
55684
10656
80254
6637
95
22978
54474
6252
8436
3183
11059
1676
55885
6871
6602
3205
5682
6733
6924
10126
9779
2874
1102
163
27111
10253
5991
8878
8379
7257
1649
4302
9632
23062
4077
5049
3880
71
5152
3839
3927
9391
10606
7518
5780
79637
8227
51324
79912
23281
51171
11063
1781
4848
2010
56159
10474
4103
10054
2771
2571
8623
10534
9099
1312
408
862
54927
54472
84680
11170
6426
55758
57596
55068
331
6999
51729
27316
7321
7704
27095
81628
10063
7414
327
79873
11284
6271
5515
5933
7360
22954
6304
1271
9721
5866
7031
51127
9491
30008
84970
89885
65220
79734
3609
7138
8676
5704
170082
6418
64112
868
57144
4207
51517
9025
10743
1173
10513
87
26128
1602
4034
9046
5987
9404
83755
407
9814
2670
5830
9129
3306
2563
3021
8572
9810
80028
11067
8341
113675
51684
10567
5108
22893
10127
29911
1854
54550
10539
8061
11040
10197
4292
11117
11180
10262
9363
79801
8861
8468
51440
10403
22934
5706
4282
25816
10919
10589
5552
23214
27335
6810
9070
2189
11338
51224
9266
1026
10458
3434
3853
358
677
10813
51534
3735
6431
5601
57820
3219
55209
50619
56906
51019
27232
3507
3661
7316
54997
3091
51545
56341
5252
10174
1198
9726
2553
55662
6696
57085
5465
2577
3987
11051
9577
9094
6455
5995
7579
1019
10430
7917
998
8405
1731
79576
10169
10044
3104
7536
222389
1937
10521
283518
23543
362
4678
10488
6297
8851
3433
55322
3728
5129
79571
51157
57333
26505
1615
196383
5050
11145
7408
153733
4833
2762
6687
51138
9470
4698
11158
7979
9636
26511
6616
54974
5859
55698
7168
10907
57326
26061
23199
2752
10489
6464
51074
7135
51361
5990
4354
83640
1152
54165
2203
5372
9456
6944
85359
1848
9111
85302
10179
8324
7314
55565
8697
66036
8637
7429
25876
6231
4841
11275
23283
4520
51364
56998
11020
11091
26039
10087
80125
138046
79088
1295
113878
5635
55198
9413
4967
60313
6890
51421
5080
9342
84224
5211
86
7755
11277
84245
84872
1911
3087
11345
10733
8615
51659
26525
810
6495
54976
80308
7965
389
2001
27332
84705
993
22827
11267
6208
7004
10602
10313
2896
84708
10010
27301
9140
2495
8440
10152
51619
55722
9775
3872
7170
10318
10922
121536
7538
1525
1780
29082
151871
55906
8667
8991
2954
3726
25900
5071
55011
1406
5585
29922
3251
463
55233
1316
2275
7597
5307
1071
11075
4832
583
1398
81
1455
6737
4223
9454
7458
55619
7203
4267
55577
805
29950
29946
9139
3281
10591
3537
5705
25980
1936
894
9871
10212
56911
51282
2653
8574
6429
55957
5441
10933
57097
22977
699
4733
23582
10133
8751
7775
51444
8115
26276
10982
6990
5805
80306
23204
10278
79797
5631
10282
55813
1048
26207
55231
164127
56243
3241
29947
1454
1933
23136
51776
2882
6120
11135
8445
55191
664
10302
1800
4111
51389
10946
83988
57088
10254
8775
10742
80174
1995
29959
2791
9356
1996
1491
10362
9349
10494
23321
246329
84445
57573
6396
54819
1164
115362
4300
9925
10856
5708
56654
1196
1032
29107
2582
6652
9825
7851
91056
51002
23635
435
5276
3437
9502
1831
6291
6880
5997
27342
1810
6811
5833
1877
51327
79363
84067
6257
3059
8778
1468
4234
2702
1412
6820
6717
443
9747
4184
27033
10898
8665
56904
79050
10569
1819
55613
5530
55308
51194
3275
112869
1153
55734
10450
8092
220134
55211
6772
682
55122
10422
10219
84661
2592
79027
7323
445
5912
5710
6782
8260
9531
65264
51760
29925
7005
4686
4792
2067
1030
2107
80321
84289
22929
3705
23549
11129
79094
6672
1978
2202
78992
5478
25844
10611
2669
5125
91544
5700
2009
5159
3662
3707
25888
4835
9075
2580
27130
30818
7746
7918
65989
26155
10900
84864
58190
6919
79077
55888
1453
26749
23421
4615
51073
3589
52
6776
4149
10588
55285
183
9744
8945
28988
6234
57402
4115
1263
84062
386618
9807
7318
8473
10495
8078
2512
54906
85007
1527
7753
11043
51375
9832
5973
5862
80817
8715
220082
4800
7278
5590
55916
5701
5984
6839
64376
5899
5824
216
5720
2997
5861
6273
1977
79760
3312
8027
635
402
7307
387
578
6921
10670
10482
3612
25913
3937
2941
9939
8663
10587
2800
2803
1207
22976
90933
90060
80022
148223
79172
11060
127703
645455
92822
653121
10291
5524
66008
9525
538
540
2745
653361
79840
5328
90070
2247
23111
5366
10018
27113
638
389692
5420
56672
1017
4609
5371
6794
54840
859
4771
27352
286826
25920
10204
5423
79101
885
79003
1956
2064
2065
4060
79980
25936
11130
5481
5979
2044
6100
23164
65059
9759
10014
10013
55743
2475
57521
253260
6857
29113
4323
10321
10915
55660
53615
10971
200186
23235
57010
9733
10421
10755
1974
382
9337
55723
9410
10285
80227
7832
5719
9641
7529
9338
10921
26272
8601
9861
373156
10289
5716
166
8079
11334
9051
4113
4163
2932
51205
8764
3965
51130
1031
25843
11156
8780
55501
6628
51497
1917
56950
5445
8607
10055
3106
51643
7384
1777
5356
1175
9526
8661
49856
5531
3692
4795
57180
54606
5500
991
55969
1973
1270
8073
2035
5495
5924
958
22943
7030
10295
7392
51186
11331
8453
2222
79705
6238
23612
10641
7555
8840
8655
29763
8848
396
55646
7123
815
64400
23139
3382
5062
9040
51231
994
56475
8533
7189
8900
64946
9443
2288
5306
8766
1967
11344
22933
64834
9158
8099
55256
4947
26517
3172
10857
23178
10955
3856
10890
25778
10284
56241
2167
9475
8793
1999
6446
2688
9689
4350
80279
84630
837
26262
8408
53918
9519
2131
55111
11179
11142
55041
6927
6001
6876
4913
8537
55742
23012
4221
5119
26578
1072
2622
8560
10298
9191
3795
10039
3992
64284
5892
8837
55644
203
5878
471
8915
8625
51719
2176
8575
7077
9500
6615
80303
8767
7327
9891
8526
2778
80333
6790
3354
11133
6623
26001
9578
54821
10654
8412
51657
54861
23097
9732
2597
4232
23588
57111
1607
7260
2029
22866
79643
3105
4928
1861
27148
9238
7416
8178
4968
55909
64425
56925
8634
4521
5723
9474
7268
64754
92
259173
7015
4691
4214
4791
5971
23118
29110
7133
55290
1741
2132
8841
4105
4831
80025
7050
1499
641
29915
5929
23054
1029
324
83990
5295
659
3716
4842
207
56946
8312
8031
10297
801
5883
1487
10542
8648
7158
613
8243
545
580
5777
5921
2242
5663
25
2177
3014
5430
3727
4436
2956
4683
10111
701
9184
2188
836
7156
867
983
1111
7020
1457
3065
23186
51317
3066
23028
90480
4091
1500
4582
2185
8215
63967
79184
6667
9584
2042
7430
355
637
8772
356
843
841
2885
2120
9656
11200
2934
4067
10459
3303
3320
8409
5347
857
3725
5591
4193
1869
595
10083
3169
9604
1495
8543
9611
26747
1432
2534
3932
3732
4140
5893
5931
1630
1399
5728
55728
1001
9734
57178
7014
6285
2768
1000
650
655
5923
2072
7514
22920
5783
996
2931
7181
430
58508
4616
4233
3265
890
27
56647
3164
6478
1003
5792
6711
3635
1796
8202
6709
6708
2178
7486
2960
2962
25942
11186
7469
5889
5894
55201
1660
10320
2959
9044
2968
9412
404663
58
7185
8717
10454
8517
5411
9360
9372
23254
22885
267
10193
57222
157310
1655
860
220164
55816
8352
375686
842
4671
317
55143
79661
3980
777
10566
23385
56926
90678
3688
50855
56288
1759
9212
6402
387082
114990
79720
51160
9931
6647
26277
65057
10849
404672
2966
2071
55829
79139
5290
5579
5580
5581
5566
25780
695
1820
6135
55561
29123
167838
30846
10053
6342
91746
84246
55090
55588
219541
9441
8570
784
64324
54957
388324
9712
1789
64151
201176
30011
26824
81929
57122
348995
79023
10393
5077
9478
775
9686
10401
5650
26287
7137
8218
8470
10211
340205
80790
3679
10577
80746
79042
283989
10978
116461
9935
1639
54106
221692
5499
58484
834
254887
2647
282991
388552
63915
55330
23557
54386
10940
10775
10248
51367
11102
79897
54913
10557
25884
5074
60482
6523
3276
2309
2308
4303
835
55367
9368
4986
115557
4536
5578
5595
8148
8573
148022
8737
79083
83737
10142
10189
25839
91949
9382
22796
54933
30836
23617
60385
8795
142
22883
54922
53407
60561
9183
6461
3768
3761
1739
25960
25928
93649
9706
6386
5868
3579
7791
4035
6804
4803
81857
10001
27161
5058
9181
6908
8825
64130
55327
222643
8021
5329
7225
6324
1051
9439
1024
51667
920
7763
10095
55070
760
8927
10808
3921
4644
8609
81545
10891
1318
10203
2550
23365
9138
51024
863
138429
23263
27086
93986
116113
9575
201294
7221
57405
9637
90627
2237
9170
26085
150684
6748
81669
5598
28996
7296
23301
5338
360
1991
388677
6885
257397
27252
64215
467
3621
25977
55707
164
26088
2913
10640
79589
55611
9101
6833
9699
55035
51388
6749
91754
22882
23051
6093
7781
80725
54778
54210
2770
6720
10951
23492
2733
9631
8850
4862
1737
6261
5245
6352
11214
5469
6004
5201
5202
5204
144455
8796
3998
1009
1859
23090
25820
5434
7220
9765
26108
163126
688
144715
8914
54962
84817
5884
6595
23424
9793
3798
481
476
22854
55966
57787
54822
27129
3316
56160
10238
22930
9501
6502
8506
26133
7320
3551
1147
2091
4851
9924
6240
7273
27063
667
29109
988
55851
51107
710
768
4853
54869
64787
79574
57591
57496
27347
6625
9530
339
7535
3569
5702
3055
2889
257313
9869
55294
1959
6624
26119
323
10009
55770
11336
144245
28964
9378
339403
634
3479
9817
9053
59341
6938
23370
9414
100506658
3973
142678
9643
23268
401
57630
1069
1508
3308
283208
64714
9149
1814
1813
1815
821
2919
6347
84525
5604
283455
6900
26047
134353
400
245711
84651
3741
143425
6812
1791
27339
4345
7297
5657
7494
50944
58494
83700
7082
4318
348
4773
9425
1958
6774
4654
5055
4287
29969
114902
7182
5467
22807
6940
5928
5757
1808
8650
3897
54538
8826
3482
5457
4261
2903
3122
63922
9131
348980
10021
610
51199
10855
59307
3554
7099
29899
23208
4488
8497
8499
8541
4660
5460
1475
9219
9112
2287
819
196
1613
7957
10666
6770
9076
1365
7122
5413
8856
23405
3576
4043
5649
10859
51106
7019
2872
30000
2876
5133
11033
5587
9108
9107
8525
3786
56479
1105
1195
50512
1462
3906
5451
5452
4863
7124
55973
973
10134
57120
156
10507
7334
7417
4294
10519
391
4807
9638
6996
6497
4086
3135
266747
4867
27031
7533
22999
1786
2935
55243
23032
10868
58157
88
7224
50861
9743
2904
7223
10288
6845
5208
838
10726
2886
94241
8685
4868
2626
6910
1482
6505
6009
5906
5898
3638
390
8153
81620
64689
6278
57532
26999
140691
1020
10763
5867
1025
6195
6196
54212
6844
8535
2054
6809
29116
59286
799
9846
5164
83985
181
1163
160851
7415
55968
9806
50859
24137
6548
5784
9892
350
3747
288
1601
2596
25801
135
7175
83851
9618
51343
81565
151888
8682
6197
54602
3107
8819
64780
2152
23335
23312
11141
2833
972
2013
847
54880
29924
84674
3266
1385
6814
308
3693
4057
79075
54921
5983
7161
9985
9126
5817
8161
2547
22944
8693
4920
8028
93185
51176
2769
7265
1879
1870
1871
1874
64320
960
112
10910
6277
51567
3760
4684
60412
1277
2690
9466
3845
9770
5364
6441
10825
7043
4628
5087
79595
51742
64426
51068
10673
80198
10106
6005
6829
55670
81848
90411
9510
7422
25776
4152
6657
2147
11187
3977
3074
2776
204851
8930
10987
5803
8208
5608
5414
26136
9187
8091
6588
8626
9690
961
914
8805
7625
793
4666
831
5036
3356
10168
5567
6399
1066
79706
83461
10979
54751
4012
4846
2983
6383
5576
687
10006
4793
28512
6622
6531
4144
83666
151636
1840
6000
5618
8898
6305
151987
50628
6663
2961
3159
54457
9667
56616
3015
6281
56302
112858
9231
55272
92856
25898
10769
55843
50617
7098
933
1600
90441
147
3570
2020
3202
3975
145258
5015
7319
7525
51762
2081
2697
50937
91653
8165
3838
84033
80852
57463
347902
386724
6907
7464
79718
6654
6500
85358
5989
5148
1816
6722
8089
10579
3956
6721
1793
50484
6241
26751
152503
1244
23595
11315
64800
767
8450
8454
8452
8451
55832
55240
2862
8852
8683
111
2562
51366
5337
6242
4438
7411
4439
29127
5909
94121
6898
79885
29072
25766
23522
2969
51564
5321
1909
6634
6632
79084
23309
2976
9330
9328
10623
2972
4208
57459
93621
83933
10902
604
7067
10934
3516
9541
6499
2895
728642
64386
112755
4331
1022
11176
9329
6878
10621
8467
55929
54107
3329
2950
1108
8479
29117
11100
2648
5981
8295
57634
7153
7155
2353
6598
10661
7090
6605
5926
4784
5934
6760
6773
57708
60436
891
9440
7184
11177
4150
1107
2122
8462
83855
51621
7071
8928
23523
10114
10472
57649
2002
1045
4205
6095
1875
7291
6601
22806
64375
55869
3280
23411
23493
9406
5885
3192
9794
23741
10432
163732
4194
2627
1459
3181
1855
6689
7290
85236
2246
466
8904
221184
131034
23327
5216
2314
9208
4487
4255
6778
4094
27043
3175
4780
9325
4778
4602
4762
79753
648
23429
84108
9252
8986
3660
3659
4854
7799
7322
7324
7332
7325
10477
84733
5927
7421
3454
10498
546
23112
6732
53616
28954
11215
5501
255967
26986
29883
10140
5504
5568
6262
54797
90390
6837
9477
112950
51003
3195
10026
2521
10250
41
29984
1730
4082
63928
6550
11261
7879
27327
2901
2891
5163
10564
10565
11068
55324
31
54
4185
128
8644
217
51566
309
60489
379
54622
10425
10094
415
84164
509
9551
93974
89927
23774
55299
118924
64776
56005
284403
56893
10436
9315
253714
80228
51608
79034
203259
79886
785
832
23589
839
865
6354
22948
965
975
113130
55755
9620
55803
116985
1081
1123
1149
1298
50813
51004
1363
8895
9362
1434
1510
10658
1523
55280
10563
7812
1611
56943
780
11269
57062
54555
1687
8527
9704
84223
84103
26100
25874
84256
157285
55355
10301
4189
8813
1805
10570
11266
1892
1906
1942
25975
8891
8894
2026
2039
23474
2159
2197
8789
54850
55030
23149
2261
63943
55700
55258
55262
79719
79948
80152
84140
84894
54919
55004
55013
80304
80212
79768
79866
284004
124930
219844
752
8880
53826
79690
2638
7841
57003
29997
2747
84280
2804
51280
2806
8733
81488
2936
3043
9709
3163
51617
51155
3189
10236
8988
79663
29903
57095
27336
3488
9398
10994
51477
6453
10625
3757
79047
9808
9778
57489
57223
57658
340390
5655
56992
64129
3960
114783
158345
339448
51058
51059
51236
56267
56901
4023
4048
51631
11313
23659
9587
23764
51025
57192
4191
51259
84331
84968
138311
65990
79080
79188
79159
359845
79096
83931
11343
8195
4291
10200
4356
64978
64949
64965
58475
4673
4700
4701
4714
4715
4729
4758
4809
54544
10360
4905
64710
11165
11164
4931
4942
93145
94103
83638
5110
5195
5223
5264
9796
5279
23761
51196
5355
23654
8612
84988
84152
25824
5553
5621
55269
29789
53635
5775
5790
5822
22931
11021
4218
5877
10235
9400
11079
5996
22902
81847
6045
55147
10073
6134
6138
6142
6159
6133
6204
27330
22800
9853
9905
6279
6311
23256
22955
5104
6447
6487
8402
28965
10991
6613
23478
11098
6744
9913
27067
81551
29888
10273
25870
79723
6840
10630
6866
6901
79735
6904
6943
6997
7013
199745
4071
7105
8794
8743
56984
11189
114034
9804
55872
9540
7164
80128
7259
10381
23190
7358
7372
8237
8975
23326
10406
7511
9278
55905
80345
92285
84622
5826
10551
213
306
10190
399
51593
427
537
9296
567
25855
55643
80007
79686
56252
57002
55848
57332
6362
1008
1124
1160
23412
9377
1345
8738
78987
1396
10540
54541
1663
26151
1743
51726
1787
1880
80237
2079
55701
84141
79676
84950
54908
54949
65265
2290
10249
2783
9568
2948
2965
3039
3117
83444
3146
56944
11078
3315
23640
29070
3336
3417
3550
50618
23095
3835
3953
4014
4097
4122
81631
28985
81576
129563
192111
28977
65080
64968
4627
266812
4738
80145
25934
4817
4860
8481
5034
5047
5037
56144
79902
9141
10081
5175
57664
23420
23649
5424
5432
5498
5536
5660
5669
5699
5717
5741
5802
81890
5968
5985
9921
6146
6165
6168
6189
6275
57050
10807
5272
6419
6470
257218
51295
6513
6633
6640
6745
8614
6853
6863
7024
10342
7083
7167
28620
7276
7280
9343
9039
7336
83549
55339
9839
7568
7553
170961
403
529
8553
79137
10574
1070
1736
1822
55186
79641
54810
2819
9446
3187
3910
55227
6182
6183
9061
5464
5052
5678
5828
10181
6136
6227
6230
51548
6612
6636
6638
9021
23435
7076
64699
7140
84878
1915
11337
51319
5687
6258
10383
81873
11316
5764
2674
2675
1439
7248
7249
1493
940
3077
7037
238
7373
2744
824
7072
1410
6726
3667
8660
974
10749
3595
5688
7027
3815
928
967
5789
5610
25970
3702
3832
2268
7454
5156
4041
7025
5367
1021
2057
10335
51291
6688
3604
4899
7345
5144
29765
10818
6423
6642
2149
7057
7391
2355
9270
2664
344
79370
9448
11218
25929
5588
1139
2192
7975
6520
5325
4004
29760
10877
5788
8976
2060
58513
3267
2048
1006
4688
114790
10945
8540
5228
7114
5350
10920
7048
6376
5791
925
1400
3615
9982
718
2078
23336
8048
5196
4747
4744
6768
2263
10810
10163
1452
3162
273
727
10992
23451
10369
2917
9463
3560
53371
2957
2958
6344
4093
9221
1234
673
8200
392255
7404
7403
3678
3685
9276
1314
2736
405
10239
8546
5876
5134
372
51226
2719
4613
4610
3909
6777
2058
5795
10413
1950
3827
6874
6558
23495
2731
773
56478
64064
302
2212
5045
3426
51639
9527
9570
473
6850
9965
5829
84106
3837
9020
10603
4593
653509
1755
4217
118
2335
7852
3566
8797
9815
1361
115677
1280
2
23643
2834
3949
7436
7804
9479
23542
55333
9722
5900
3690
2986
390226
7465
325
4313
5611
3816
8036
3852
2811
10664
4009
7074
10109
6046
7709
858
5336
8658
80351
212
51764
10938
30845
8881
2317
6480
6284
3455
1145
53822
5048
7162
6728
6147
11113
388
1154
51272
8431
22877
5778
7006
7214
93
9972
54433
2781
1997
51604
1618
1268
2215
9833
23043
154
155
8542
3781
4145
9241
5431
5435
5436
5437
5440
5439
4852
5819
2549
9450
7846
9467
3399
2660
558
8313
1845
117178
1653
5865
633
3654
9590
861
948
3915
1282
3938
8558
3784
5192
1778
10226
1965
8600
7187
4225
4224
2318
392
4074
5903
5902
9351
9227
57822
811
4153
7112
2047
2775
3587
259
3339
8867
6456
2923
977
4179
3673
6263
1943
7827
6645
23476
51191
5623
6098
27445
27141
5644
5116
5327
7188
8754
1134
8936
7913
29108
4210
4296
11127
1281
1289
3568
4316
944
2022
148170
10435
5429
1490
6498
23066
4849
4211
952
347
319
1964
51330
6434
2023
2324
7222
57113
6503
5770
8831
29893
8836
85456
64072
6348
5825
215
7130
27134
6879
5475
5470
3799
6452
79695
6752
63970
10188
6549
3490
6789
493
8829
1830
9113
5786
7707
284119
2782
6282
6729
3075
3745
3746
3754
3691
2277
26073
8666
55914
51652
3093
27030
5395
5378
9437
116444
1969
7818
4288
9229
140735
22914
381
5549
2649
8832
54205
8721
1605
3831
64837
3800
1401
5781
7343
23624
6764
26750
10762
3082
10017
5449
2339
3084
2760
1983
1728
9419
6337
6338
6340
56852
11219
7052
55894
9512
51442
5727
8643
3092
3674
5801
84867
8698
51172
8877
2773
10121
1394
1393
1041
5913
1643
55591
100132285
1233
1060
3481
5982
6942
5094
3191
10345
3456
328
683
550
81624
6641
1756
3818
4925
9015
9014
9013
51227
8818
10746
5607
7018
6741
4603
10438
10499
640
29974
7786
7204
5609
262
3108
161
9218
7424
8863
55805
3562
3802
56729
5864
3170
2444
3337
3301
995
9088
930
1380
330
57731
27250
6207
6125
3925
9518
23559
23558
1284
5340
7448
7450
7163
5450
2909
8739
1827
27242
10963
4281
10612
85363
117854
81603
114088
81559
7706
7726
11074
9043
7091
8740
4055
1050
5360
336
7410
10451
1740
2162
84676
5189
5190
29098
1104
134
6786
57620
7078
5745
10845
7266
6710
64407
722
9175
10935
4311
23426
2892
2893
8871
2244
9961
3751
10788
4783
23176
8694
5881
4883
4882
4982
9295
6427
5292
214
3840
80835
80834
3133
716
22841
4645
9232
9588
554
921
84203
9318
5318
7301
1760
5774
9228
2888
57530
7461
8464
2625
3270
2040
7097
84126
3836
54345
8888
4975
4084
5911
6469
8892
8890
8893
6917
5053
771
7374
10096
10015
6675
10988
10766
901
6102
6444
6445
2004
3805
55502
5298
1390
2990
3824
7471
7472
8323
6422
912
6011
140461
7011
2199
1583
818
10635
182
28514
50650
1910
185
2100
56923
23396
55809
301
1829
7143
63827
176
23299
4515
6678
85403
6387
571
8239
432
433
527
6580
3710
6274
8792
1514
3695
5896
4802
2868
2870
157
3767
4308
6017
6351
3069
4254
118427
4653
23291
3655
55746
10659
6317
4908
4543
3698
10617
51274
26993
3681
8771
7010
4168
140901
9124
2665
7003
5810
3858
100
728
2254
5871
27040
22895
5582
6590
9978
3738
3737
3736
4869
51100
5520
1719
5293
3934
8556
253980
60676
916
7407
51386
23633
840
3150
84570
3763
57555
22871
54413
4601
83463
10608
58487
6676
6655
3945
3606
8022
7106
7385
259197
549
6299
3385
10714
1673
9100
10146
8727
6629
2822
1944
1946
57586
57556
10411
11069
9771
23463
1392
2911
3292
6671
5593
5890
28956
2963
1975
56897
8536
22950
1297
1408
8548
5313
7096
142679
7026
1437
3567
23013
54972
997
51529
29882
2266
2243
55140
8518
6014
276
2812
3777
89780
7474
5319
9973
7581
9820
26259
2743
23075
8569
83394
55715
4352
8906
139716
6617
6619
3350
1901
3352
5916
5870
900
25803
51655
943
54926
5998
3848
624
7293
10981
158798
29935
9423
7080
6631
27125
10124
55840
2006
4237
2155
6620
57510
6546
397
147912
4192
40
10691
2073
10062
2494
6368
1821
57716
6198
79109
1981
8662
5562
6249
96459
9821
80347
84271
5066
54700
201163
4892
652
6367
26160
7803
11140
5154
5054
56924
27236
1144
3625
3624
2869
51778
58529
91977
2323
3383
1176
9844
25937
3371
85439
3458
8853
50616
9495
8815
24
905
5458
7376
1746
1749
9048
58533
64240
6891
6618
3416
57109
3929
55250
29941
23092
79658
8433
2074
27343
5738
3196
23568
4878
8029
81493
4137
4843
79960
81858
57610
1294
9341
8675
10228
5473
1308
10051
93643
53358
22
4064
3594
51561
6349
9918
51606
712
3597
54910
5453
6843
731
26191
51701
6385
7150
7049
1476
56993
8550
9445
9735
7177
7075
5544
54101
4751
79623
2802
10019
915
90427
1832
5266
3713
57096
55114
9912
9472
5141
23191
260425
7110
291
2583
4987
3148
919
10276
11184
22818
8887
3586
23085
6382
4915
1441
2200
3817
10159
55553
51560
8490
10148
429
4935
1122
50649
3218
1811
7439
3670
64843
7412
9185
2289
23016
51013
2938
55716
6928
4162
9603
3608
5872
947
10427
7094
2539
127833
9066
90019
84258
6860
6559
55540
5874
10023
79659
51626
23678
55806
85021
4018
117145
2138
9256
3790
54985
931
55824
23604
9379
9369
4312
4314
4317
4319
4322
3577
6259
720
8899
8605
1824
2705
1604
5947
80824
1843
83593
4898
10848
55207
55024
1232
3939
8732
25998
10636
9421
114907
3211
2104
6504
3394
4794
1825
10930
4828
1013
5525
9685
11099
23598
9966
9586
174
117581
7059
9064
225689
56001
26232
10392
55
9049
85417
971
846
3981
3762
114609
151
152
7009
4133
587
8139
10605
5178
3658
10280
6742
25791
8784
190
2049
2043
6635
2735
10300
79444
7356
55003
945
715
5648
5523
721
10379
7745
11011
57403
1236
2902
10045
80739
5603
147700
3125
966
2068
962
4956
4650
84958
7247
10878
51763
23390
5283
84612
91
239
4298
25945
131
1004
1016
56949
9532
57396
3559
3812
8038
4988
4638
10274
64682
23244
8809
6934
984
135458
4953
8804
8649
3224
9649
5869
57502
11346
57718
83992
55917
85369
11235
5518
51765
80143
6801
29966
80342
5516
5522
9989
3476
6950
55671
261726
60312
51341
1264
4147
2209
2204
81928
8471
1641
26229
85445
79937
6442
1473
9610
320
8673
143187
8417
79833
5271
3161
1982
1947
6955
6957
4983
4049
7462
5917
3565
6861
148281
341359
6295
255743
8516
6882
5962
4099
7042
1300
25792
9994
9968
64127
7016
10420
10923
3459
3460
5992
3958
7169
25759
7079
5213
64332
5753
7433
1002
26469
6923
3240
1438
64398
1179
51363
2046
3640
3575
23462
1235
57045
649
2281
7850
2038
11276
94
1121
6529
11178
1047
25897
627
9169
2740
4901
29843
102
11188
147179
8835
2635
140890
7490
9589
9133
59343
22861
83452
3911
284217
60401
151648
354
3903
29992
83729
11183
9056
79850
1238
1230
5291
929
4155
5376
4359
5818
4952
1466
886
5794
51347
100506742
8711
11171
140628
10365
7379
7380
4656
3592
6865
5127
9091
6877
22797
5993
22926
3930
6331
6300
5798
57099
4923
4909
4772
8448
1364
9074
9073
53339
6496
4990
22843
9647
4204
3151
4781
9908
55922
136319
6875
6621
65078
7035
2158
55596
84634
1716
55081
5296
55823
64601
57617
65082
5509
23616
27085
9180
8777
4342
7593
7253
376267
51654
100133941
2248
10969
54843
94120
23086
6237
9693
3475
64170
9737
7545
7546
2737
84174
84433
79092
5007
5076
5075
4222
7849
1182
10750
6356
1356
117157
5396
5746
5744
6892
116986
3803
162989
5236
9585
3665
8301
5269
10326
7305
11193
23360
8741
170482
3683
9220
639
4090
5331
2561
1603
2005
5743
7867
5028
108
55738
9493
10105
1846
6506
84962
11333
2814
6403
7165
2621
6404
7389
54434
85464
30835
1646
10434
5069
4437
5425
8883
10307
813
6050
6508
5684
5686
5685
735
5624
7056
5606
4216
114836
9019
114132
5627
2153
4897
1272
5797
5613
84073
11217
89876
29927
10952
4595
55157
9255
126382
64499
6301
410
553115
2984
79849
81786
26056
80223
160
23533
1409
1415
1420
26225
23339
83547
115352
2764
51747
85415
26297
23082
50805
57159
26040
10325
7283
26528
1617
10000
9353
2235
590
23019
5724
27131
5978
27044
2831
26271
83548
10913
128178
30001
23071
56605
64422
10533
30837
5287
924
310
6712
55217
9344
4486
491
488
6532
10758
51592
1369
26205
5162
94122
6236
64145
54453
51735
157739
8547
6775
7086
25793
26190
26224
80230
2295
9263
9262
92797
10131
9321
9984
70
10771
85477
10841
90102
9499
5957
84893
125111
2125
5519
10801
23308
5612
59338
59339
10002
7263
6059
817
9150
9455
27151
116
6406
941
1137
8175
55835
10537
59
8174
10538
9173
10725
11004
51247
25842
6746
1325
8315
59348
5617
833
6280
3588
23049
8291
6693
3002
27178
10267
10332
6755
64806
6753
58985
8065
10316
10874
9580
23303
10870
727897
4072
10815
6536
9152
23673
55014
6398
84701
5447
9672
8528
5320
1823
1828
5317
1674
5136
6926
5534
22853
2671
22919
5308
3553
661
55718
11128
3785
1130
1677
85406
1812
4651
779
4885
7402
5239
9569
7349
1847
10487
10486
3775
950
7070
4664
2219
2734
2767
4811
11168
845
7039
6643
8723
64421
3593
2551
1052
3842
2069
2063
2056
3843
4146
135112
9862
57541
5813
7036
5155
5294
689
9332
7306
29119
5345
2165
23017
5796
3273
2239
6128
23077
9542
5858
9392
84441
55534
7166
26354
7874
3313
23113
8396
1638
4916
9134
4661
5068
3547
8515
10618
51206
5905
8106
9246
27240
2683
2554
7456
10747
8013
23138
171392
816
7378
151531
10038
6129
37
175
5836
26146
475
9092
63826
9666
10218
7201
2572
11112
64123
26103
55504
5799
5339
5443
4335
5537
5063
89
9282
8908
22900
9230
9727
29978
92610
23414
5454
51135
1896
23229
56850
81876
64395
50807
51377
4306
10728
2646
7038
2899
2944
2946
629
57018
57381
6653
63971
5707
5091
4050
6002
84552
60626
23161
2977
932
3001
959
6767
7375
1131
3048
3730
9244
65108
9863
51164
29970
80781
1794
8672
55679
6607
8664
6329
4836
51475
3753
23406
5646
26502
4058
8496
4066
6887
662
7058
9156
1378
3439
729
3684
2706
84967
864
3959
4052
4001
80331
2861
103
3656
10049
10024
4600
575
51412
64219
1382
5527
5526
5529
51455
5980
1443
10576
7517
23581
121504
8290
6283
3605
5351
5352
3821
3822
4599
9436
2213
3487
3483
3384
7351
7352
963
3238
3804
3208
51085
1803
1642
10594
80700
10067
51132
29104
10217
6154
5920
5930
23197
79654
51514
4891
51079
64756
3561
157638
85409
3978
1801
8788
56913
29071
7844
122953
26145
84557
51177
10717
9179
9677
23586
8724
128240
9768
138474
7089
8728
9320
55666
80727
94015
10196
6187
54442
51422
53632
23746
60468
2792
2793
2788
23404
51010
11340
51082
54535
25841
55128
26233
2322
55749
2034
84447
285671
55008
8916
9730
57448
246330
6596
54894
11047
10616
9253
2011
57697
8425
22809
1158
56970
29851
2906
22881
29894
83743
55593
54941
51257
161742
10252
10251
200734
5532
8493
29128
10956
378884
2821
57162
57161
51256
8521
51255
30827
9739
8085
4676
7443
23137
79677
10734
23569
50943
7468
51666
26013
7272
10213
5711
6494
79577
123169
23512
84515
8833
54583
7750
10075
728505
3622
54556
130497
23076
64858
84444
258010
57680
9555
8242
83746
83637
55636
7328
11065
53347
9646
7703
5225
80854
54623
55236
1435
3918
8480
54496
3720
1448
79004
23765
1612
51585
23239
23024
112483
8729
9896
55697
84251
26130
51720
131118
1201
10440
161882
10600
5506
139285
1540
56257
373509
10869
57602
9958
114884
57695
1762
64854
29761
10208
7398
54532
29086
8266
57599
391627
84132
9929
9960
84669
85015
25862
84101
10980
91833
57663
220594
219333
84749
154796
54726
27005
220213
114883
78990
8314
84640
5713
90293
11274
10713
124739
9128
54764
9097
23035
126119
377630
57646
57559
80124
79921
56957
51633
55432
7347
83844
84196
84464
128710
79008
79871
79657
202559
26015
11321
6881
171568
5715
4076
23067
80335
10572
51530
10509
6941
1535
84324
26018
27243
6792
7805
80204
89848
23380
144165
10452
6827
112495
8353
3020
8350
23133
90326
54617
55182
80344
165721
2436
22823
22880
9688
10514
6296
23328
147040
22992
55257
10194
128553
57616
6757
84759
84678
51586
9675
9894
5683
27183
152137
51465
55585
92912
29089
148581
55284
51426
55293
7335
100131816
63893
7326
118424
140739
27338
9217
2019
51141
149628
55120
6932
83439
127544
7813
255488
54971
51028
79791
120892
28882
56254
51676
51665
140459
140460
142689
51434
55626
83734
55054
23130
23192
84938
8678
60673
10645
79016
79443
23710
2631
64223
84078
23008
9776
22863
440738
5286
5289
5563
53917
23637
6788
25851
79876
7405
11152
55062
8358
7764
283078
58160
83667
27244
1620
25885
11198
165918
55737
11197
51547
151246
26058
5771
5309
4929
55677
23408
63925
57805
6188
22974
668
84232
8800
8799
92960
63891
57478
4299
3619
54888
51009
6400
10277
387521
9098
9682
23081
55693
84148
5597
65125
54477
8491
5583
10914
2873
2101
9792
8507
10324
8359
284058
29028
26118
55038
57167
63976
5977
84458
7767
56848
8720
26471
79923
79365
2145
9557
6736
8289
6599
7994
30009
91442
26168
3714
7142
55245
6668
1129
140690
3024
8338
23608
3070
79648
1053
1761
1993
1998
2016
2018
2118
2305
3005
3068
3131
3171
3200
3206
3225
3227
3229
3232
3233
3235
3431
3663
3664
4007
4010
4212
4799
5083
5316
5433
5915
6474
6756
6758
6759
6909
7021
7544
7571
7592
7621
7696
7728
7752
7769
7862
7988
8216
8970
9079
9214
9669
9678
10214
10260
10346
10481
10773
10793
11036
11108
22890
23338
23648
23660
26009
26508
29079
30012
30834
51616
55628
57057
57727
57801
60529
79722
79813
79842
84105
84684
89870
91612
130557
146434
162655
201516
246175
252884
284312
26270
80232
54554
54475
55759
348793
79726
80349
84181
51339
9757
6594
9937
2150
123228
7258
5268
3207
25949
1112
2315
29803
51053
8349
9274
23410
9314
6010
4101
84787
79685
58525
4824
8328
10395
5626
23125
64783
2116
55818
9031
80185
92283
148327
57132
114803
7444
4665
3642
3299
54625
28999
126433
84959
10724
9787
24149
51506
100316904
3006
57621
147923
80314
387332
57491
6591
333929
579
5018
10847
8522
25822
55170
51773
157570
339287
10943
10732
2115
54014
3291
23132
57504
128674
255877
347733
3651
5763
23378
387893
2021
342371
64919
53335
391104
115426
57092
51741
9306
285440
9652
4763
25836
83983
50804
57520
684
1656
51200
11016
125997
4821
51070
79711
8520
80063
84875
11329
5315
8925
57379
144717
150368
220972
57659
55352
7101
23253
64344
6528
9209
307
23314
22897
814
56731
54887
23098
1062
1489
8335
3018
7629
114879
51111
10376
10553
8846
170261
55651
3050
84142
5081
1058
8820
56259
26121
9975
79728
5243
54108
9867
22909
353497
823
414899
140465
378708
201254
9959
79915
80010
55791
55870
55893
23394
4946
5692
63035
79447
129685
6121
83860
4879
22878
80006
51693
4040
55904
51043
11107
8030
83903
51322
5017
64092
79697
9798
6239
81887
6883
4659
6604
10294
6830
8487
8082
3239
4776
23175
84911
256646
221656
54904
28989
23135
55193
3326
6124
50514
7552
201161
51065
6232
7466
114799
126961
11076
113510
197131
6091
55215
64718
2187
80233
197342
26173
65123
80789
26512
23091
79991
9444
64979
2137
9354
5507
9572
8337
255626
8364
440275
9878
5514
26234
22870
9701
55291
112399
9695
112398
65018
155061
83596
4190
23295
4157
57016
200933
55072
80020
54431
80196
117584
51510
55300
55361
90780
57506
54708
60672
27145
104
6233
6201
6049
200558
22846
374969
112574
340571
2161
11124
81844
340061
56899
23294
6199
79759
163786
54469
54332
91445
10456
54899
29101
10735
23172
2119
92181
148066
23528
6334
3037
7702
29945
51699
253725
23325
9897
50838
27000
80762
203068
283899
79913
93973
29844
125476
54891
4798
23409
54552
1735
10782
23304
85453
55167
57534
23025
9148
1211
51400
5521
55844
11279
23047
10592
3396
26147
64282
11044
84186
6659
942
2515
192669
192670
10526
26523
55139
149708
84897
55971
9110
80325
116092
11236
54487
23168
79845
149603
55159
11104
3344
57561
80176
92369
84727
6339
196528
3217
8370
79364
55629
10550
8924
54935
23550
22937
3123
51460
64798
79585
9903
55958
54765
4796
26043
51035
7993
127733
79058
51528
10528
3156
26269
6780
48
11342
10116
132660
91750
6096
9970
3174
131474
9240
55615
26973
23063
3993
11116
112714
9658
54455
92344
286204
6648
57732
92552
10299
3756
7267
248
11169
144699
26524
23644
57447
5718
10613
11160
53981
4481
6993
135644
57522
93343
89853
4779
4158
51185
3126
3127
440574
55763
55690
84662
57531
140462
1159
548596
10480
80829
83590
23397
339390
171023
54331
25865
81030
11213
79132
64135
64343
79671
4940
9755
353376
200081
55787
81622
54918
1849
63920
79020
23184
6366
55967
10426
10244
5908
51109
1633
53944
1381
3792
5800
8322
79607
341
79682
10008
79817
6391
3628
3115
4695
10899
205
23450
54902
2273
7178
10423
10206
55278
3028
8508
617
51569
23498
28966
55349
54539
54951
165324
6185
11224
8705
9403
7453
9459
79922
10263
51535
6835
3155
7802
2487
10944
9738
79598
4284
3783
3782
84250
6025
440414
222484
5897
4900
2629
56655
27102
55503
57215
26002
5093
359
92714
27106
9271
55174
54973
90025
3996
23567
252969
9529
23363
6795
5105
5689
9657
2967
51499
5333
286514
266740
4102
51438
57692
197370
4850
51283
115548
4826
899
23368
23210
29998
7317
56916
782
8416
29855
54536
255919
161582
23759
55696
92211
8842
917
23770
132625
404281
949
154664
11123
10468
23109
155465
9397
3912
79918
54930
79441
115106
55142
23354
55559
93323
54801
121441
23030
10397
84987
55744
55795
346171
29781
11155
23310
55166
401541
10467
55854
6328
57082
9856
8567
5362
23145
9882
23129
23223
1951
4038
221981
20
57453
5365
57571
57670
80731
79613
84466
55364
8839
1376
390594
4927
3214
51062
23677
6769
81605
90353
4154
84461
79959
80184
10626
26054
23194
5326
58164
8284
25827
147945
23220
140685
27351
3094
3221
3140
25988
10461
11077
79884
143471
1018
1994
334
50852
283349
1301
54620
5714
9352
112939
26871
3581
55768
83932
64061
5709
100124700
100048912
26122
51780
92815
84699
6164
5690
5691
5693
5694
5695
51129
11201
25939
6915
153769
51156
5698
51230
116369
284695
7495
5132
146059
245972
9373
8074
79727
22985
92799
221150
348235
147841
7022
25930
9026
64411
8110
8193
257364
3985
201501
10336
84333
80012
23466
373073
4722
23224
84909
25777
92421
128866
339976
3428
85365
136991
55165
155382
10040
59350
51289
2975
85300
51439
7299
51669
254225
6184
3300
64393
27164
54737
83987
55691
23621
171024
25950
135892
10475
80263
100129777
128312
84193
57514
166824
2195
8361
60485
57690
84717
84939
57804
84296
9837
5426
2569
146691
171558
5696
51371
81550
2051
57048
3009
51271
493856
84993
22872
727764
8294
2205
10748
79155
163882
81532
54206
162239
9927
199990
92597
126308
148932
162494
200316
6319
55083
51761
57509
23532
9741
55353
4943
26260
23022
79594
84261
23403
29904
26036
93611
65266
65268
22836
3363
1119
5768
93082
54982
7126
83892
6683
122809
64506
6468
91319
7784
114548
55655
26046
154810
25852
9516
84675
79872
4117
27246
1161
3920
5265
27248
55466
1155
7051
23221
254170
79699
10444
9401
54344
4607
116138
10966
55251
84133
221687
159195
23392
287
1362
283638
26057
150946
158399
11330
27350
26586
115290
92335
54492
8994
126374
4026
283871
10642
56955
23583
55124
223082
84937
55975
1718
286827
55022
54998
51320
23513
26235
23471
4855
80329
23001
83605
7023
7690
1891
114928
51645
9823
9842
2661
7582
148362
2535
6530
4594
166785
26509
5548
79694
10178
8844
4059
56155
23166
92345
200845
123
439
64100
312
729873
55521
26273
25999
57407
9988
150
9162
222229
8270
23318
3003
10644
100462977
283
9886
58477
4130
26092
54874
23381
23293
7227
26278
8624
57221
115704
64786
9910
54478
64857
4633
91526
401190
53840
92521
7541
55012
92565
55602
3752
8786
113452
3362
8449
774
25978
23020
9416
2790
55970
6462
22906
64121
11097
112401
259266
57628
140880
7919
3250
84376
64412
26091
808
22858
30851
83696
92999
641700
199713
91662
8504
51122
54939
28991
170622
149951
51397
29099
115650
284252
79586
22908
55527
5734
3755
89122
10172
6738
22889
5546
445341
3061
10286
51447
27436
51479
9559
4938
223
30819
25814
3500
342931
23087
57124
283106
10202
10865
23552
57626
57187
8563
2492
344558
8912
23246
359948
548593
23157
49854
23704
399664
493829
22980
23481
2000
11137
2784
59345
5082
162699
30820
339967
23352
50615
55884
3744
7141
146956
23373
55827
23551
170850
55213
84206
92312
84231
27012
10465
84292
55814
92140
55249
4750
79035
64859
58493
51503
9312
93107
6674
55584
338382
7699
7692
134492
54715
23287
127002
23152
3304
54039
57060
2395
4139
51143
55509
55689
259249
200030
8787
54800
84312
63894
27072
5142
55297
84248
29890
29775
10916
7216
27230
551
51126
9545
58528
9047
9024
54780
493861
286053
11009
4810
56978
81606
91147
10953
65975
829
1014
51552
1421
283807
4289
54994
64795
10296
1431
55658
23348
26958
79982
114815
1890
79400
60684
58485
100128327
51399
126003
79090
122553
51112
7109
55288
25974
26226
5577
54471
55275
738
6293
51542
8935
115752
200185
64328
25805
4697
1536
23400
51154
64006
284451
3008
375757
119392
51744
261734
177
1411
6440
5654
201562
51390
338567
9943
26051
6191
5645
400961
122769
9684
9947
1485
211
1136
1143
116143
55576
90865
2643
79650
6553
55037
25909
146310
2357
6751
135138
1456
55861
81027
525
2639
56676
25959
84305
9801
55421
51334
84081
6156
79733
342527
57606
7881
348825
254268
51123
9371
55303
128061
10827
65997
85480
91272
84969
55319
9550
55228
140597
2257
222171
653784
83707
56941
65008
100505540
84722
84310
3801
6223
79864
57471
142940
374403
127795
23126
51372
29995
143884
118813
9205
55082
138199
22998
1059
158511
79745
220004
151649
51491
51202
148252
10123
65117
57696
84681
257169
51533
91574
6660
219988
84934
89953
50
2319
84916
8870
4957
10209
3098
79048
5128
10744
353
79969
29920
285172
79169
339512
8886
7866
54897
55379
79739
4939
2037
51204
24142
6224
10455
404220
112812
55599
64981
6953
84726
10078
4636
8896
84851
91050
152877
9702
27037
30968
8495
60370
3053
28987
130535
92092
51759
229
51101
200765
50809
23313
63932
57410
54440
1397
55617
121457
55144
26017
91608
51285
79762
64708
55345
64951
51265
57669
6160
84654
26692
27079
56987
81788
2182
84154
84777
91894
55850
8342
64097
284273
83478
9201
57595
6203
6206
10814
2584
6217
5149
84706
57182
94274
79074
2117
9060
92170
10120
139067
9567
57704
740
133619
55510
25873
11325
6954
84632
119
60682
65992
6171
124995
22826
53349
22891
64799
55252
22862
9196
79002
114885
90624
541472
25953
80820
113251
55168
9655
23179
56894
10573
83657
51056
23
55156
8939
51218
63935
84294
140545
83853
127396
51474
7274
54065
55132
57645
79171
3033
89882
80301
7570
6903
9957
150209
81608
554236
51318
54462
29080
65003
7549
57862
10476
57035
3047
414918
257415
160492
1339
10767
64763
84057
11278
8659
55323
23259
54986
51105
146705
29889
1114
55268
375260
56931
80763
160777
84320
51203
79837
51473
51406
134637
5756
169611
203286
84290
26227
55862
56342
84080
9915
79698
27238
10671
54739
79629
3600
353513
84317
55178
23623
64591
80724
8823
80071
221711
47
2027
374659
283748
6205
222166
80111
28971
442523
51018
8019
51574
283337
55346
79656
55907
9203
78994
79800
57179
254896
93380
440556
498
83856
8233
117245
6428
2620
8645
3145
60686
137994
146225
11083
80018
10110
10929
23119
132851
196441
254295
29
63941
83879
51078
57118
65979
401068
79175
162333
3898
347273
54934
79149
3158
554207
23061
51538
10686
83451
93349
445347
26070
27430
4151
55138
3338
2491
90381
51550
7584
29767
64927
1666
3029
23213
57678
1662
221960
135656
257629
199221
167359
6541
4837
5533
10428
54734
26063
260429
5636
221443
3833
440193
200172
79632
83608
159686
55340
22932
83595
139105
54707
65244
114792
165100
55841
55798
6167
25875
84309
91647
79640
84832
64850
56681
23786
79590
55924
151188
79639
11309
1783
10344
26025
2181
92935
79887
5106
51441
201725
203328
79066
51264
64073
80823
79858
79666
55801
285313
3223
10842
10439
79165
4013
158584
55781
6251
2780
11257
9130
22821
64333
23743
26097
28981
81567
26659
142937
8214
115353
4707
83786
285315
155038
27245
1632
80896
116540
54494
151647
341032
56986
4712
2940
24140
11066
64419
23580
284802
126789
219833
8807
4693
140699
116987
55852
254427
4336
4857
200424
56829
219983
403312
9623
401505
124411
3045
10261
64802
440452
286343
55778
83759
11222
27201
140576
51601
3957
192286
145645
285203
317772
389119
5008
10367
55094
6123
9468
84303
10237
166336
58191
25911
79958
9991
135114
170062
80210
79618
347918
57464
54814
27296
54946
56853
84077
10464
23708
8407
339122
51116
6948
2557
57107
55699
10598
4976
7139
57456
138065
146722
55863
84266
22848
2299
114793
64098
83706
10352
8209
3955
1288
339184
10242
127428
3620
55052
4477
55036
56270
283229
10880
3574
6818
51239
148523
83873
94239
126248
5729
1082
10245
123920
131601
405754
29968
94101
157556
123263
9514
50945
51314
27292
79712
54884
255027
172
64577
56683
285600
112609
1404
84254
257203
653145
8394
140730
56905
2543
84892
1671
5098
64781
374666
79140
90203
10578
56141
84947
6472
8689
81627
7172
27042
54960
9399
348487
83606
147685
56521
23151
5238
2109
81035
56097
23682
84542
8613
23057
80207
124599
10653
83448
136895
127540
64168
5967
161931
133690
80094
1395
9576
25837
6357
10
4724
6222
91010
7434
7586
53343
3467
375341
112840
57593
121599
23630
79670
91133
65982
55208
150383
55876
55815
9127
92399
26330
57117
149563
444
55652
79805
27346
10449
338692
55915
83719
57103
168090
127
83939
220136
8293
128637
83861
8999
203260
343035
55757
10098
54495
2517
10776
83636
4351
79977
881
728194
140732
80262
126282
49861
25926
83888
64428
79763
84812
2537
140902
54995
55810
55784
338094
79012
10939
200523
51031
84693
400569
622
8933
3633
84298
127602
51150
2797
89796
10328
27075
4321
130916
5412
25979
11317
84868
28970
158038
80319
115123
9364
23205
63904
10402
55732
161247
4668
116224
9022
55625
56269
64760
9764
84286
25923
54961
493753
80256
90768
5207
79672
84293
4919
284366
84522
10809
9911
10330
10586
79180
55812
55172
3814
79411
7092
420
64770
79828
54097
8926
51300
10736
66005
79017
10620
122704
54959
10201
51181
93627
122651
93408
5042
59353
284076
285282
84190
554223
3630
3080
255394
7627
2214
50863
11154
83442
26503
501
57687
51001
165631
54361
113201
284680
2835
161514
152195
10072
90843
54872
54575
9547
112487
5740
29083
55471
3268
404203
7984
55026
9997
2206
3449
83732
4440
64771
57404
339416
54981
10368
91775
10866
80777
84129
55347
10541
207063
97
80017
346606
202459
386675
55163
51195
5358
55332
79823
10881
3248
26286
84932
5165
883
5029
375307
91107
203228
124404
474344
132299
494143
4709
64853
84735
85458
10682
54407
286257
10562
57486
374
51250
221786
79777
10290
55705
10694
28951
146852
132228
51642
57110
3442
93099
7001
64417
161835
4632
11326
4680
51374
3445
90871
27163
11190
51501
27231
54830
139135
79692
255762
3766
7809
400120
54463
286006
255119
84720
9976
56951
92703
54581
23566
284440
1470
1327
92346
51027
79568
2123
2050
5173
163778
79847
51365
440248
4720
161003
79158
60343
347862
254827
285464
1558
24138
84171
22983
163590
79602
51094
2193
10025
9969
6627
10097
51520
6873
5160
5393
4736
6144
6130
6137
6194
10575
10093
4141
989
84172
84844
6175
9442
55752
6603
6132
8562
10484
55110
29926
5203
5557
9045
6141
6139
6143
6152
6155
6157
6122
6209
6210
6218
6228
6229
6193
6202
9521
506
94005
83540
515
1938
3185
57511
8668
83443
6169
26519
8802
23193
6730
115708
55703
25847
6161
374291
4728
4704
112936
51602
4719
4723
6235
4711
9785
1665
522
57508
81572
4710
6430
7277
4716
4705
25896
54815
4726
4713
9987
65005
29088
51649
2617
6389
2108
3861
1738
9188
79228
84321
292
64785
51692
1650
26156
51340
1654
55131
92105
58517
4343
51253
54948
54148
23107
28973
3614
51382
10772
51493
56339
3857
528
3030
84790
10949
16
1537
23332
10975
7381
6888
539
3295
151011
2618
79869
6390
7284
84061
220988
10283
22913
9879
10985
23517
57461
4236
51755
64928
64983
64976
51081
28998
64975
64969
56945
51069
6150
219927
57129
51258
84311
64963
128308
9782
84545
54534
1659
51021
116541
55173
64432
10552
3324
526
51637
1479
10802
9136
54732
10483
4143
5230
55226
9868
83658
221613
84365
23195
4522
7311
10056
55860
55794
790
27349
226
1355
3841
22907
3305
5250
3849
25813
56902
8321
523
55833
10269
38
10627
140801
1509
11034
55573
133686
220717
57466
140809
9380
5019
79178
7064
55621
10535
79621
11196
85451
51119
113246
10768
65260
9904
57794
10240
10447
4774
27341
10137
5939
5538
254863
84418
55183
56954
92609
9736
3013
53938
93144
26589
55177
7298
4358
10102
2590
6817
8942
57721
55720
10147
23530
51060
51110
342538
51142
60488
27340
81855
191
10531
55665
23212
9374
53
10232
196463
11194
51133
29919
91137
54439
23170
9554
79665
644619
1606
29937
201255
55631
5198
3327
255308
28957
112464
27158
55847
3157
375791
1723
51
5476
11031
117246
641371
8621
115416
4363
5937
26355
55148
170506
3850
1627
25915
6560
9520
3936
10959
1939
55775
283459
285175
57698
39
23603
55604
89941
8943
84842
79612
28976
29886
26240
64005
80745
23258
10523
9052
7386
8635
55234
6897
94081
64062
5496
391634
730211
60678
144402
10058
29093
1729
9789
23386
55623
55898
64757
5256
55856
252839
1609
26007
29952
81892
23456
4201
10042
10130
10972
1374
6651
4357
23344
81706
7371
1889
51647
8531
6307
7171
113174
54543
978
64779
3310
26520
387680
8544
54505
57019
9167
1373
3032
1075
4277
1503
521
57647
10525
83481
5954
8539
5935
57409
2348
8790
221294
79026
23165
22824
10643
10101
157378
535
54788
283237
5255
2794
26595
9662
79811
7342
5379
90550
440
5480
56886
10312
10409
57175
79033
55135
81611
64901
4134
6697
11159
79691
5936
91408
10493
1073
5303
266971
79054
159
826
25782
54662
27333
3188
27020
790955
3323
30
11282
2739
26037
909
5955
80775
3419
4864
64207
8872
57470
84747
8604
80315
6727
10061
3421
5589
63979
440915
9777
7073
1757
26127
4259
100037417
51804
25938
10544
7127
58155
112849
50485
23264
4907
221092
204
178
80142
487
5214
5550
9698
3916
57488
100128525
55920
92259
3704
2271
26499
4548
125988
56912
25932
8602
79882
22921
91942
51605
2530
9761
389677
22949
160287
219
27089
128989
197
781
7915
9818
1265
120114
84146
155435
118980
129285
5297
25828
91748
64792
144983
83660
1209
29907
1727
57479
54517
55100
114049
9168
55075
84326
160518
79961
4884
81037
2191
25917
4629
23262
343069
23499
6510
8882
55229
26284
87178
27288
908
230
54443
23234
55622
158
4682
10165
64210
6451
51182
91893
113146
23219
7419
5814
55133
25989
11258
2098
84946
645
3226
10314
5832
29780
1329
29796
57515
337867
11311
80323
402643
10478
7388
6902
654483
4677
55790
10011
51095
231
83699
81502
57707
5373
23534
23039
51071
149041
134510
3141
445329
54760
51103
79019
55839
89891
83464
57551
56006
9887
9248
1040
219771
29115
7551
55422
199777
4015
2354
3694
80705
80311
80273
375484
55669
23011
27022
1809
56896
55016
25906
23358
139562
123879
23142
84259
91947
2055
124790
8287
26249
55175
9948
9819
79001
57650
11262
57799
2692
4056
241
3991
11001
60528
800
7029
1511
9132
1039
196513
80153
146845
11251
221895
137735
84448
29126
676
10076
23093
8555
343521
151742
5551
55108
54629
79608
80206
84335
81557
64110
4112
90523
3004
142684
9609
27314
201475
608
84084
84991
23350
9716
84811
51634
151903
51428
57703
51362
2483
8220
91603
7756
55109
85313
29896
9829
11017
151613
7737
55692
219743
269
5681
4293
84315
22879
10135
4535
10410
84166
57580
80243
64852
54820
255738
57472
1576
4544
146057
121268
283987
84861
9595
54551
1544
1571
1548
9546
79176
5793
55603
57473
80352
788
5827
26748
9919
8761
126208
8971
1068
57654
9967
55125
51435
2915
92342
196483
653333
254013
151194
25895
196541
79609
79091
124512
64599
90850
150094
79843
286075
79098
414157
129807
1528
5730
63898
57325
115761
81932
130617
117177
221458
157773
23564
125170
7695
132158
9841
55049
116071
130540
54932
137392
114823
744
55224
81570
93474
130940
90355
2815
115572
8862
65999
84752
11167
6318
79664
23379
22936
115509
56947
5394
1559
10207
3485
10811
9536
3931
9774
2053
125150
126074
25925
8529
1579
2878
2264
7095
55164
388585
582
55212
26012
6608
246184
26206
892
2999
65981
22918
23371
79827
11119
79908
11126
131450
100131439
90952
83417
152404
81607
4045
196264
257194
5673
27181
57823
201633
2729
10950
5653
54806
28952
201456
9870
8742
23209
9370
10730
92675
100128731
57026
10396
5205
23250
23200
286410
8189
23041
6003
3990
5406
28984
126626
1203
203076
115948
171482
79807
54676
54758
266553
154075
415117
124359
387357
64147
50999
57644
11101
55668
152273
80818
65251
4332
125050
65263
57594
284001
5630
51808
221037
1636
89849
4756
50964
8325
3149
55704
3778
4881
153090
3357
51305
2838
90268
84951
57093
23237
150678
5742
5171
1628
1388
90993
83483
81573
1565
152007
59272
54546
11319
10522
1278
1291
5122
5046
10668
54542
129868
50862
115992
7681
378108
64844
201292
91694
152006
10268
10844
79754
387103
5346
495
136371
23305
1215
58488
10005
51099
57104
29956
5176
146
55930
636
378
11151
55753
54776
79710
8646
654364
3563
57172
51014
713
127687
219348
496
4129
80339
56033
3096
81579
137872
8273
51248
116519
533
137964
128821
2730
10319
80712
66002
517
54882
1586
55664
55578
8817
2346
84975
51527
80864
27018
79053
283600
11202
27071
12
24144
3811
117248
9507
27120
23632
51661
64838
55908
64581
8706
51303
26291
10446
56172
51293
147372
26470
51162
2845
222546
8443
8760
84284
57136
84830
63908
5004
5005
50808
84300
1893
3601
1562
221409
10231
55506
93550
6512
4008
56940
55624
6582
4752
954
51131
57127
27283
4337
282679
4635
3700
80004
165215
55154
11056
51251
51523
28960
84984
820
8086
283985
83953
30844
80318
7922
3109
79087
51635
81889
92400
10970
51302
1005
132
83401
57655
2843
122011
8638
643382
2877
10871
11226
479
2642
11136
23243
57568
11132
125
84002
136
2548
80772
166614
84281
7857
8581
91614
2746
2710
514
1036
10384
51513
64902
91703
55789
9583
2632
23102
27165
316
3913
4924
2045
130
23521
759
1841
84446
968
8372
345
669
10555
54566
54883
416
1610
54988
1747
79056
5025
2879
27302
10247
90990
5184
6822
1577
79611
10057
51454
54069
5438
122622
10983
11339
2302
4054
4514
1748
4889
4706
279
10164
64764
7855
119710
2538
283971
90135
8704
84262
27087
9719
8534
113
11131
390502
146223
1
368
35
124
268
218
923
9750
754
762
1241
1292
1353
1371
1573
1644
1670
1852
9069
1949
9308
2920
64241
2180
2531
2556
2673
2709
2867
4253
2937
2982
2998
3081
3101
4047
8647
3204
3242
3263
9486
3418
3492
3514
4329
4118
4283
4499
4507
4513
4519
4539
4674
4708
5244
6358
5494
5547
563
79796
6364
6666
9855
8045
9245
10112
51554
10180
2827
7179
2560
2742
5027
6949
1593
3078
4512
10960
2813
11080
11273
57406
728113
23461
84913
84319
79684
22794
23131
23266
23443
23464
24146
25890
28511
51700
64762
3549
80270
54467
90410
79009
57149
57648
55336
63951
50486
50487
50626
50801
51599
51809
55025
84626
5471
54812
54920
55197
55216
80271
55536
57733
57128
58189
84498
92840
63946
6936
6821
80117
79812
84255
8639
8707
9535
57143
51582
10678
10690
26094
11072
113179
1798
113655
113763
120224
6713
130340
1595
150000
153241
158800
2134
197259
203054
203197
286262
9696
24147
255520
55544
57834
27023
27074
64847
56648
283820
285381
29105
388474
54905
55270
64841
84419
83591
92002
116448
246243
388323
117159
121053
140738
80758
57597
23683
339804
285237
285527
100101267
8987
8828
5739
10257
81609
153527
170626
90693
84691
27306
134430
5733
23387
134111
5972
100287171
284654
340419
84870
343637
1128
9125
222235
146330
64839
3952
7978
8798
147746
8444
5596
26576
65061
8814
5891
23428
26027
51738
56413
1585
5737
3779
290
1132
26263
7871
51379
85440
84859
9922
5662
79143
171546
9388
22994
55031
8398
23046
80019
118611
100271849
26223
8549
115201
2678
84619
79892
2686
63926
9411
586
651
63877
374355
56673
80178
78995
388407
400566
162681
79000
128229
84066
149840
54876
91283
158067
79635
147872
348807
152185
90557
91409
91687
79174
23181
84337
143684
81610
139628
122786
84656
9630
730394
440093
22832
125113
3884
3855
84456
150082
92483
431707
55329
25821
284565
4702
5558
55106
84690
202051
10927
9901
6911
374618
8834
54802
23548
155368
140612
129025
84449
147657
79230
126295
121274
58491
374899
221302
57037
3035
93587
58490
830
28969
3073
374354
79567
79631
64175
60681
80324
728970
201626
210
5270
55239
11212
1968
83940
5226
11332
56965
54859
254102
2805
26985
115098
11260
11328
23277
10785
10491
54878
23154
51015
4643
9601
55748
2634
4125
2633
51260
5139
23042
54521
79068
9615
2799
147339
79874
345651
25831
56888
84301
80155
51504
987
10007
11054
79784
6611
221937
11216
10687
9639
4199
64855
60314
126133
14
100128588
8669
64746
158471
60496
728689
54187
2717
10556
5834
116496
80755
10020
115207
1429
8348
25864
84520
23140
9748
6170
90459
5510
56061
51121
92689
10382
93100
2224
55357
26953
6731
646817
91039
26099
8969
9805
132789
2342
8565
54870
6905
51540
84617
84955
5130
5875
7174
271
23198
29766
64759
7264
10799
6158
51292
84936
137107
26610
23753
34
445815
200014
57614
59342
347688
80086
54585
221927
55074
80218
64789
57565
55223
9788
22924
389421
131405
150084
118429
140458
57574
140456
142686
142685
127247
92591
401036
54675
80149
57674
9711
5224
23241
55366
5641
5261
105
29102
23560
114818
79596
23029
55341
81501
84649
970
84282
5002
55819
25798
249
94235
10529
165904
129446
8514
54931
2926
953
138151
124535
100506164
86614
26548
23639
51495
146862
26267
23252
161725
92359
9528
84191
29035
765
93664
1007
1806
3351
23288
547
54893
64067
80224
5101
9783
65267
55079
2331
9515
23300
57337
56203
131377
9700
131566
79899
93166
26298
51117
84274
4485
10800
57105
7547
83639
91582
5168
1902
1056
56919
9857
286151
25893
1200
9235
85377
24145
6785
489
22839
80067
23038
8816
25853
90379
55023
205564
4257
64924
250
147138
8913
10817
9781
2230
91875
51008
55325
6658
6656
15
28
98
141
221
318
366
516
570
577
631
644
685
706
755
786
822
874
887
946
956
957
969
1038
1046
1106
1146
1178
1180
1296
1311
1351
1375
1413
1418
1447
1469
1522
1534
1543
1645
1802
1962
2012
2166
2168
2169
2170
2184
2208
2303
2519
2591
2668
2695
2766
2832
2848
2912
2939
2949
2993
2994
3040
3049
3067
3111
3177
3215
3386
3535
3613
3623
3788
3796
3846
3851
3860
3881
3889
3892
3904
3954
4081
4107
4108
4148
4241
4250
4355
4494
4552
4625
4675
4759
4814
4815
4818
4978
5031
5078
5089
5143
5332
5354
5375
5535
5542
5620
5634
5639
5837
5860
5940
6041
6166
6373
6374
6375
6665
6691
6799
6832
6846
6913
7008
7045
7069
7104
7115
7120
7125
7148
7289
7348
7355
7423
7481
7564
7566
7574
7580
7589
7620
7633
7639
7678
7697
7711
7730
7733
7741
7766
7770
7773
7780
8050
8131
8187
8326
8330
8368
8369
8403
8419
8424
8434
8438
8463
8545
8618
8636
8687
8692
8712
8763
8803
8934
9117
9123
9144
9145
9202
9247
9422
9447
9453
9462
9465
9473
653067
9524
9640
9674
9718
9724
9728
9753
9766
9827
9851
9852
9889
9899
9936
9949
9963
10361
10385
10391
10437
10443
10469
10490
10597
10615
10629
10651
10667
10738
10781
10794
10797
10879
10894
10904
10906
10948
10954
11070
11092
11094
11185
11199
11270
11285
11314
11341
22795
22864
23005
23034
23127
23143
23177
23201
23270
23367
23438
23473
23479
23500
23503
23555
23609
23762
24139
25763
25796
25901
25924
25940
25983
26098
26152
26228
26231
100505879
26575
26984
27065
27124
27128
27132
27156
27237
27287
27291
27297
27300
27315
27434
28793
28815
28978
29057
29068
29103
29124
29777
29785
29797
29948
29994
51005
51032
51042
51067
51072
51090
51118
51134
51148
51187
51207
51213
51222
51228
51233
51296
51309
51329
51352
51368
51522
51571
51596
51686
51702
53340
54432
54438
54441
54502
54520
54716
54754
54763
54784
54785
54793
54828
54834
54852
54855
54860
54865
54900
54942
54954
54955
54956
54967
54970
55005
55006
55007
55034
55039
55069
55080
55086
55092
55118
55127
55150
55195
55204
55246
55273
55281
55337
55454
55505
55554
55586
55616
55633
55702
55739
55760
55773
55786
55793
55845
55859
55900
55964
56063
56122
56157
56204
56344
56477
56649
56675
56891
56898
56929
56935
56956
56997
57146
57147
57176
57188
57213
57226
57335
57474
57624
57639
57642
57673
57684
57693
57730
58524
58526
58986
60490
60592
63027
63892
63940
63978
64093
64102
64184
64221
64396
64651
64744
64745
64753
64773
64782
65009
65056
65243
65258
65980
65983
65985
65986
65987
65991
66037
78996
78999
79005
79022
79025
79038
79065
79072
79078
79095
79156
79415
79446
79583
79616
79622
79642
79669
79673
79696
79744
79792
79836
79839
79848
79863
79931
79953
79986
79993
80108
80110
80135
80154
80221
80258
80317
80726
80742
80778
80830
80832
81539
81544
81629
81854
83446
83538
83541
83695
83852
83896
83897
83899
84056
84069
84102
84167
84221
84260
84272
84283
84285
84316
84340
84516
84527
84547
84553
84696
84707
84766
84807
84809
84873
84904
84905
84912
84914
84985
84996
85019
85280
100132476
85291
85293
85294
85376
87769
89765
89797
89884
90011
90121
90133
90407
90589
90594
90799
90874
90957
91289
91369
91523
92906
93233
93426
94039
112802
114569
114757
114824
114932
114971
115817
116173
116328
116349
116835
116841
117144
117286
118738
118812
119391
120379
122183
123722
124460
124935
125058
125115
125919
126070
126375
126868
128439
128977
129303
129831
129880
130162
130560
130827
130951
134701
136051
137196
137209
137886
138428
139793
140258
140606
140885
143241
145282
145946
146279
146439
146540
146664
146760
146894
147007
147525
147660
147686
147687
147744
148254
149420
150483
152815
153328
153684
154313
154865
155054
155060
158297
158405
159163
159989
160065
162967
162968
162993
163050
163059
163071
163081
163183
164592
166793
166979
167691
168417
169841
170954
171483
196051
196472
196477
197320
199834
200261
219854
220108
220965
221472
221504
222255
253461
254187
256130
256281
280664
283551
283576
284297
284390
284391
284418
284904
285205
285367
285533
285672
285679
285753
287015
326343
337880
337960
339366
340359
340542
342945
348174
353132
353139
353141
353144
353145
353323
353332
374879
386676
386677
386678
386680
386681
386682
386684
387032
388818
391257
441212
652968
653316
282809
81619
340348
83882
51750
256297
55754
22905
54627
607
283149
4604
1763
84295
54509
1044
79776
4534
23064
79680
84072
151254
283471
342667
100132979
23255
8929
399473
2823
4330
124944
57798
283489
643
642273
4017
6491
84971
57600
8774
58476
340719
339345
342977
56851
23065
55831
57544
414301
88455
54596
55084
23216
54103
9625
23031
5616
55681
6725
10221
116228
219699
79968
10527
92305
5502
100170217
54221
81790
27180
89790
27036
57020
84930
85457
56938
6097
645121
148109
54363
9926
123355
4109
25886
152926
8460
10712
83957
55998
64091
57007
83942
30813
2689
493869
196074
10205
150372
10761
84645
140
408029
23423
114908
1442
81618
149986
27166
5680
84268
80213
339965
55997
131177
3120
9653
3422
91734
100423062
84960
85016
256691
55777
124641
79057
377047
91057
79853
124808
119467
51727
9077
566
55277
158521
144321
11012
11248
8228
83871
27303
284427
10099
133688
118472
725
60492
56650
53405
51805
80011
7923
131965
10412
140680
80346
83546
462
474343
25830
23353
202134
143162
84064
3113
80216
1506
64801
1948
284131
286336
10634
3052
55764
89978
57408
27136
9
114898
4775
25961
5179
79660
10739
29916
79989
7390
115560
84688
910
9350
78989
118881
11010
11249
162466
442247
6192
137868
132204
28755
90139
22884
160364
1504
483
26577
221421
6253
10590
114960
84307
51267
10695
145447
10554
51184
83445
221120
55745
9200
201299
6547
100505741
55061
54952
11149
25770
389799
55837
55531
283150
284161
3290
482
25818
54923
112611
387914
81833
56910
25806
90522
90273
9859
147463
345275
4969
148479
10560
10166
89874
6819
51075
197335
133383
26084
1775
285605
55286
53833
260294
123803
374768
139596
164684
84330
124626
10462
55313
51011
2267
2859
129450
3423
27294
79930
340069
6718
51573
9290
112817
142683
124149
55283
56656
26664
64063
50837
134285
221830
23144
114899
80167
338657
254158
81792
2255
160897
134266
54518
84063
127255
80097
80023
118471
554235
121793
55064
9071
116159
317749
84277
389434
80168
340277
161753
282808
399512
6834
90809
84524
10584
80231
1774
81926
79187
83607
112937
8630
55600
26579
11162
26532
26248
338674
92106
27068
5831
145226
5959
158234
256380
81034
9673
160140
256435
259287
26123
7350
79133
10327
54943
3257
1109
83795
54886
90506
29880
91663
93210
55344
79037
143686
79751
27173
27097
83862
83894
80761
112479
348013
2841
51360
758
124540
55486
80305
26995
51061
23584
116254
56934
770
27092
55610
1513
147015
84168
26157
26275
23780
51451
85329
127495
4240
143662
9934
10559
6484
81849
56670
117143
27348
11120
11118
160298
338872
81617
1515
53947
1101
79814
373863
654346
84306
55771
122945
84816
56256
126526
7111
79770
221477
126
26052
80013
2564
9293
57604
22915
10331
91543
866
51531
55630
6609
153657
51146
10161
79917
129401
81285
8702
64805
114771
112476
345062
79701
93624
51270
84866
1266
84058
1519
10170
55040
55507
3236
51478
196403
83468
85865
384
27076
4114
343263
286530
25797
23439
57038
6424
84197
128153
6489
401285
84548
338917
58511
113115
222
3420
9840
3813
100507436
80298
54516
114299
29122
85481
245973
90507
6570
201305
170463
8801
8577
79865
144097
63939
441476
125972
79714
84173
51307
129804
3294
419
79888
254394
79148
340156
51268
84725
56983
89778
55423
8869
80723
7480
389114
8703
9210
2651
7107
8513
23596
285180
65062
64222
64149
148156
85438
124583
55871
64431
163486
151393
23245
3134
23122
1267
84957
51097
9962
7782
55032
6610
153443
57418
285268
158506
129080
133121
131583
114984
3742
441058
85366
5150
10633
344658
347735
54414
91151
158219
91689
401152
1142
54677
57171
9573
64083
54328
389524
285242
126306
26468
64748
10150
64080
25956
29906
282974
84134
222008
8838
55311
147807
27159
6320
168002
83475
64174
138009
51614
10052
53831
145873
348094
80320
84899
79861
115825
26090
54916
25966
150472
10225
285429
3671
9476
93183
89869
5671
144193
5267
6906
80975
25809
353174
200894
54811
64377
33
317662
653404
3632
36
221154
10195
10875
3696
79944
11026
10884
4642
285848
431705
9028
79102
25771
27285
80021
26140
144811
59271
205428
83539
64793
254528
2593
3293
84329
132141
55686
127281
55825
284716
6327
135932
79041
7484
150275
9034
160428
162427
9938
253012
170572
23779
200879
375056
79730
83594
60506
94233
7941
440503
343068
285555
145389
51151
283537
6524
378807
7567
171017
54504
83716
10085
224
9812
113220
23276
26045
54531
151473
201798
203062
147948
8532
260293
57001
55653
388611
1444
128822
126272
317649
170589
126393
94086
196294
414236
401067
51348
389812
339983
126006
54858
404216
440163
200916
26952
171169
132332
440955
162461
400673
116028
284067
339229
400798
200232
285668
340204
133
401251
441549
146822
130106
23601
25927
642843
283417
352954
401647
2987
3448
3440
670
27179
3933
130574
29991
8993
84647
51209
84334
221662
84659
6707
440026
57184
79626
387990
286753
286128
400591
284325
199675
440712
128344
284805
339669
348738
388969
344387
283635
9592
55676
120939
55374
753
84823
27019
64446
57119
375033
72
79073
90417
9054
150274
84896
257019
84978
83937
9182
644943
26038
117
80014
55741
140892
119504
84944
54790
80312
26053
257000
57661
123283
54456
51575
11103
79954
10607
8566
55161
10079
9317
51507
1103
23509
10157
10693
11231
27034
10279
167127
84076
22989
4620
4619
4621
4622
4624
4626
54892
100526693
81888
84364
23398
18
51144
91373
25963
5232
29934
2171
2173
10632
23788
23171
57590
51603
3071
23317
79624
6813
100534599
3948
51673
91782
605
9275
101929876
6894
130589
490
9114
23787
513
54499
8879
6836
477
478
442038
339487
2588
10389
10066
101060521
54963
388962
25962
84549
101930400
55276
51611
283742
55192
200205
7873
55612
55902
492
4124
5625
84267
137902
58478
8653
79031
57826
9945
80895
2875
100526767
387522
741
29114
83872
9361
22868
6747
1212
8226
10652
84342
55210
27233
729238
50865
160418
1340
55756
6723
57446
10471
1496
100529261
79731
55661
9933
132321
112724
201595
64318
29901
399687
54663
10199
23457
121642
51163
64794
51663
6992
8714
83858
10398
1979
25973
140838
5033
23233
10380
1770
150962
255101
63897
54969
54881
441531
55312
134218
2232
2953
653689
728340
10885
2052
79154
64895
54938
390637
9104
95681
79716
64087
51128
23646
221264
55033
10961
25996
1622
644378
4482
54987
23070
29074
57560
23217
6576
54936
128239
1992
9277
23347
8731
6793
3888
81542
54862
2585
5096
51022
23389
65095
51096
10753
81554
2820
64342
55717
23160
116931
54545
84135
23279
23511
25902
55783
125061
393
124801
54940
131076
5095
125950
55020
93436
283209
79709
23203
55695
51728
161424
10622
8974
168400
5754
100885850
55187
54853
338321
23382
55680
4685
389840
27127
873
55206
124245
221078
9942
85476
63931
9635
63875
65083
88745
9790
6838
26472
84263
90324
51115
126204
5305
729359
3607
7837
6734
22984
143244
25879
84836
56606
4669
26064
56903
113457
85378
391356
6565
267010
26268
23527
677770
8708
57455
4617
6401
43
55188
9497
246778
4061
64864
116449
56961
126669
285489
79949
58473
116362
85013
10100
128434
139170
79970
79142
89890
255061
84079
114769
139599
23014
64236
4046
114822
22995
8339
57545
145508
23322
132320
27077
80776
54903
79867
9731
116840
84902
11064
134359
132884
284086
79600
200728
10136
100652748
114904
116442
118788
120534
124220
130502
134288
140688
145957
150771
153743
167826
201181
201895
220002
254122
256302
28227
283385
285622
285782
339044
339834
389741
404550
441521
4618
5349
54557
63948
64778
81853
90423
4725
126328
5569
3914
5097
81789
80179
374654
64225
51512
170302
57587
51026
55735
90378
440145
55362
81555
154141
9197
51496
9928
7942
56121
4741
51430
5099
55605
116115
57592
8735
23285
114791
56652
81930
286077
26010
26148
126206
1181
197257
8690
7905
57169
54093
2245
81556
23515
54465
55719
347240
81831
23158
117283
9120
259282
169714
53916
11232
55247
64321
55634
91368
56963
8492
23383
3797
122481
221908
54809
54468
84219
9681
2250
59067
115727
256364
6247
375775
2077
154214
8505
285231
121340
388591
2296
2298
2304
2294
399823
22887
55363
54756
26261
90586
2300
28992
8456
100132074
23307
94234
80816
169792
3199
143458
494470
3347
58509
54977
115286
152559
340152
84085
130888
57558
345611
375298
9858
58480
55867
54540
54915
84923
2840
23329
9376
9619
64374
220441
143279
574031
406881
23355
80173
92104
150737
51098
80267
2103
389856
79649
55218
114991
130507
8897
55298
284184
144363
3712
57017
9581
10901
160760
246269
283377
79783
284106
63929
84457
167681
154791
79934
118487
139322
400916
29078
27440
51012
10229
27235
114294
132001
90956
84908
93058
80219
135154
9830
7033
29914
6646
246
7364
8989
246744
84541
729438
28958
100506627
374569
63924
8611
57563
51335
4547
2826
4123
4160
4886
10139
6568
3508
3759
7100
30811
6583
116085
10581
9683
91522
27443
23593
10516
1501
93663
2030
8519
84065
55890
9552
518
92667
100131997
51304
55342
283238
54826
9907
284352
541468
4542
55266
85027
115265
494514
84767
79741
114327
59277
414061
143379
23174
201965
387338
169966
64115
164312
64777
92595
135927
196549
8355
285596
7288
64430
146849
51668
57126
84775
80851
60493
118426
51244
25941
326624
51016
9877
81029
51266
55713
387923
84332
130013
89866
114897
119369
79870
79831
80199
51316
11147
79856
256369
23484
84888
84628
54937
10060
85465
151112
57715
9087
286451
81875
474354
7432
55199
54149
55632
8357
92070
133746
57158
22987
6066
6060
778
10999
55095
126298
2720
3891
10125
26031
55051
26504
9847
1629
4430
4580
25904
10965
3886
51806
10558
80856
64434
84074
26521
140609
55096
158055
57578
83955
65993
4069
3494
3882
6566
8347
84529
6433
7062
388697
3493
56751
285855
125336
1717
56907
202333
342372
3885
134265
374454
1545
11014
441246
593
387753
148867
26167
64359
5209
55103
337972
196374
644815
8968
29097
79780
11283
1652
55846
3036
153222
359710
83900
87171
7102
84188
57338
5284
8395
23418
10721
134147
55627
23376
3883
154790
6173
55153
23491
7503
7145
7482
117583
9824
57584
9828
57619
23094
4508
11062
51705
126823
147011
154007
85437
55954
7504
9498
10266
152789
576
1745
91768
5020
6018
5348
57689
25957
9381
2837
117579
121549
150921
644150
1471
54102
2532
9648
4496
4495
6372
6330
57657
115950
56937
143689
440822
64216
5442
80380
333932
259215
117156
92304
3627
134957
285025
57562
2703
2700
151056
255928
2971
4589
50511
5570
23269
1259
1193
9950
333926
94025
3976
11153
392862
9082
3017
9211
80328
1512
389015
54978
84273
29062
147791
8910
6039
57549
54857
7542
11161
9890
84966
26289
57519
84060
6092
3703
23539
114785
27190
6483
149483
23585
79939
51751
53904
4649
51714
56927
51252
51660
79803
339230
57540
131408
4731
221955
64403
57622
55638
26960
22911
64582
23231
220869
6702
6511
55937
51168
116983
57498
4902
1088
6023
8140
1524
926
5199
6692
730
6343
170591
56034
2160
732
346562
91419
10272
53369
5697
2520
4922
2796
29841
7087
2217
64096
57576
225
4586
169522
5009
56882
56990
2905
2995
3484
5277
49
8192
4880
83756
58512
30062
3823
5619
3764
1520
284
285
5274
8190
171425
5167
23529
9992
10068
337
9600
57605
3213
3234
3237
1903
2849
2140
2667
552
553
10677
1463
84287
81494
116379
646
1258
3765
2676
2694
1113
149233
733
51378
4583
56667
654
5368
3709
2488
2207
375790
8263
5304
9324
3680
2817
4829
6869
6870
5324
85441
3645
3112
55437
63923
717
6363
116443
2258
83874
54681
3489
2201
4640
54704
57546
3687
134728
1285
8120
122042
3557
4338
8759
2641
84922
6288
23225
6355
4761
11045
8224
6323
64641
253738
4974
342184
11082
8875
361
5950
23437
23185
8292
10911
283869
256933
90226
114131
7275
9122
25825
4239
5161
1945
8941
10309
6407
4256
11018
3491
6754
6750
6779
3346
1557
3908
2253
8785
11227
1675
7136
7054
2220
6361
3497
58497
4161
4159
5956
7369
10741
130872
6405
140807
8938
22828
339479
81671
349114
221241
84034
2619
6289
5166
3012
9767
27154
28916
54083
253959
64283
80209
304
383
1302
2312
2774
3097
3890
3963
4340
6388
7053
8340
8406
9204
10198
10973
22798
23078
23275
23331
23504
25871
26608
28908
51193
54460
54868
54958
54989
55119
55176
55607
60487
64848
79896
83752
84128
84926
84954
94107
94160
103910
114781
119559
124044
125228
126638
131578
143098
144100
151230
159090
164832
283373
338785
339799
340784
344382
373856
387119
391123
392197
400322
440587
442227
552889
79269
114880
696
285190
57636
414153
440563
51807
119358
10151
79693
341333
163859
57631
389898
91607
644890
400966
23362
84249
81846
388228
2041
4528
121391
57524
8334
22990
55589
389136
22865
9480
25800
59336
27439
2526
1953
6414
2824
1299
643535
55002
51286
8404
84709
57484
114804
51136
140432
56163
79841
613037
56704
404093
84328
441478
89970
168433
54766
55102
30849
80183
283643
84247
51622
9895
79736
81839
9644
140775
84131
57609
90187
114882
9118
158326
284697
199746
401024
1446
4033
4509
4538
4540
4820
7701
8476
8671
9742
22837
22850
22859
22874
23108
23242
23384
23506
25758
25984
26153
29066
51306
55088
55552
55769
55892
57536
64397
64784
64926
65250
84218
84451
84952
89781
89795
112942
115703
158358
162966
203522
205717
10071
219790
283234
57701
344148
140710
404734
642658
338322
64094
126299
3868
723790
644914
7596
168374
64288
7738
10473
163087
26137
91392
10745
3231
30812
51201
7748
22982
55320
65124
148206
139324
79998
201514
117154
221833
159296
79724
118932
65988
80032
90655
157313
7908
137529
11255
6007
90987
440515
151507
8336
286436
389058
8354
8356
10215
1417
51816
100310785
51174
63973
3007
85235
8345
84450
170575
343477
402569
2218
7012
284412
79644
3000
64925
79758
376497
54799
3899
776
5948
55656
203245
449520
260434
391723
26980
57572
7798
255426
221823
140733
6899
222194
340533
221400
64943
80139
57569
94104
9172
9665
1539
84000
339970
253943
130576
55529
25790
9289
124152
168451
51706
10129
55116
57494
51297
25807
79879
79877
3038
389549
166647
1952
80381
374383
341640
55750
54805
79633
8642
408050
64881
56105
10390
25994
58472
7675
9617
1773
253143
23141
29895
51278
389396
643253
124997
83447
56165
3010
8360
8362
8363
8365
8366
8367
554313
151516
144501
79983
319101
162605
353288
3859
89777
728378
445582
23597
326625
4200
64960
51373
26024
83733
80222
81689
360227
390937
729727
10688
25833
10224
64761
114876
51384
2846
9517
116337
64478
57539
10609
4634
253650
83986
25840
10548
143879
83787
113828
653269
729540
90864
3212
10957
4135
80332
51232
1954
4745
4753
58504
374650
57467
84530
63905
353355
55015
221002
56164
131890
5260
25948
254065
158078
54929
27253
57679
28940
101290500
284114
222658
23395
29944
23196
6699
83641
23074
6703
51337
6847
92747
126917
253635
6701
55571
55683
1667
83989
55112
64423
85450
256643
6704
80169
222584
89958
55706
90362
126353
113263
2262
727851
729857
26065
83543
57553
349667
148423
60625
57786
252983
6706
26093
79778
2779
7498
55055
91624
115294
51594
25799
55149
23211
10113
51290
6525
79830
9875
251
9429
84924
2628
54680
4353
152579
23510
100134934
23189
79818
222068
1368
56977
100129271
23592
27175
6947
317762
157680
7554
23060
23101
80055
84109
165082
140909
93377
23576
49855
1795
139818
1657
56246
23040
150726
149473
26230
401145
9902
7565
10520
7644
85459
55196
2644
165
56265
9509
54059
7108
8455
284014
51246
54058
1337
10780
3697
57577
27143
84898
85463
91404
54796
27069
152518
91304
23516
23002
23556
9375
56889
29980
285971
255758
55558
81533
11253
125144
199731
79738
8427
51088
163033
147808
80150
23148
84467
23446
54437
93109
955
10974
51380
1474
57662
5210
7694
2863
57106
84275
9310
1428
90007
154661
5153
57533
114800
81794
26022
1850
56975
4285
66000
100289635
91355
63874
117166
51490
56849
84795
55152
221545
51124
84942
1287
90861
22993
56261
170959
148413
9650
51237
26164
79891
1012
339175
10311
4245
10715
5100
63934
54914
114044
1672
254251
124925
148741
10897
8320
26112
114
399909
728489
56980
2221
50818
146227
8484
56942
9166
5638
407006
693164
406912
64180
49860
84919
7634
80129
2128
91869
56603
23399
26827
26826
26825
144132
441502
272
388344
6939
8677
8388
55766
6037
4128
1347
388753
90673
648791
9758
23248
9663
50651
27107
152485
8351
100008589
100008588
8343
8344
8346
10171
85014
259217
57214
23026
25861
23228
22903
84614
129852
6450
348180
474382
54816
10816
55614
23015
10457
3706
2523
127933
64921
115196
284996
64224
23536
153562
492311
54491
23670
90488
9749
399979
6302
9885
79192
54621
51170
9249
23760
285193
56674
4718
400242
55151
128853
137695
57181
10090
57157
6695
79183
6715
51083
24150
220074
57185
254531
286046
6322
84436
51312
150465
84803
55171
54733
1486
123036
23271
203427
55253
84869
10160
113444
1306
6515
157506
83930
27032
55776
195827
4501
388272
55608
51084
51029
123811
113178
3988
4973
389289
84159
342897
387496
22856
144233
84327
79956
55205
159371
7716
132720
286319
59274
56262
10463
4608
115004
139231
283651
55974
140883
54890
728833
26035
51093
93622
65055
79794
11238
29094
51559
90806
54665
79943
734
6584
148137
388719
203547
1389
81571
401994
167153
29887
84986
116039
55450
201266
158293
8821
148534
126231
23545
387882
23096
56995
79752
56994
84336
55435
83849
57711
168850
2589
56892
285498
23272
220
55654
54497
51315
145173
284611
84928
93134
55635
144348
55027
169981
253558
30850
9697
54901
84886
79086
399726
411
54741
56900
118987
201164
445328
254428
158747
9811
23366
10479
85364
64766
54482
10882
150864
131920
58492
29928
9159
80194
219874
8745
51696
10867
128338
121665
23215
32
286148
60481
164091
55331
54619
114659
53354
139886
23167
23531
9791
79683
374986
84641
79646
90231
386607
158586
387640
90736
9813
283431
220064
135293
9334
79085
79647
9831
116843
55180
439921
90204
256356
152002
81688
64089
6574
55184
360023
9213
7117
57190
23306
149076
51768
9469
6698
57700
9880
285636
196527
9906
64645
221749
51646
157567
83941
54841
9121
154807
9917
199870
81537
55326
27115
375607
64410
83714
26835
1608
53353
1261
1357
55567
3311
28299
552900
84918
5140
84883
2798
91807
140469
6509
55959
7294
494551
9816
23053
23469
8568
79707
54454
6051
317781
84700
117153
401548
221178
64429
388512
285590
23187
85360
54873
221496
57513
51308
158931
439936
285613
3400
168620
100129654
4808
388698
64319
57666
4541
5253
54875
197322
2555
2559
150365
147906
345757
10804
2707
5357
84163
51279
11138
64101
130813
92126
10400
64418
91752
338376
54514
124912
284521
26000
64897
128646
1414
5409
10777
3176
4951
51411
5121
388536
203569
115861
4504
50810
8332
1427
26716
200895
161253
9715
126364
94056
5064
90737
10223
90416
27284
154881
5158
94032
389125
57449
60685
92979
728239
29842
58499
29087
387104
100130561
3652
339451
79786
54813
56062
55295
55709
79798
6507
79070
10962
388122
28318
202
55727
222950
138716
339829
283219
85442
646377
647013
403244
56142
55066
11122
160335
678
387867
256309
1370
387751
145567
220885
480
594
128872
55858
23155
79029
100131971
9086
3136
284393
729362
360165
149224
270
51350
641293
729402
192666
9119
152663
149095
340578
203611
9426
285556
10349
170958
8331
8329
79369
286207
151887
56922
729611
100130892
441642
387856
10517
284958
100131863
644540
80737
133584
79153
286887
222698
100131713
57458
84083
448834
152217
79135
79825
692224
619563
55289
170691
656
94240
100130302
283927
643677
728774
26781
729708
81616
9236
152330
54798
140850
146754
345630
55137
114805
374875
653499
3110
284203
100506736
117531
7739
54508
3806
3810
100128400
146556
124637
147670
353299
100132053
1310
26011
553117
286133
374955
100287898
121227
2352
79901
221935
387755
26285
350383
116135
395
55117
59352
2696
246176
219770
7478
10343
29951
266727
348093
677768
677776
26821
197358
80709
8972
6762
653604
189
7991
5483
58538
346389
150221
7834
7870
51108
81693
129531
100151683
100151684
339201
9622
2542
1043
3543
116833
11237
51311
10333
4550
55000
202658
56664
56663
100144435
337875
5670
5949
284485
1804
83440
27122
121506
26762
84833
653808
57523
200931
389874
54749
79152
58506
84465
6585
79868
165530
4037
259230
729262
146433
23518
23587
401442
30815
51754
9415
126075
25894
124401
136227
84901
388531
2900
326594
84881
1138
137362
10908
26165
10947
54863
27249
9050
57091
79834
8688
23772
56126
58505
4948
2844
374393
51398
55601
29953
5444
89846
6571
9563
148789
57685
2677
57462
9860
6448
79573
158880
10846
23334
4549
78986
4070
201931
55328
90580
192683
54769
128869
56604
8559
84961
9147
9780
54856
57414
136647
84153
84233
219431
56146
22928
85460
114625
78988
440434
100130932
79829
390916
728116
257160
80095
5145
29957
389203
285676
25921
144108
26515
100131017
145553
4489
81490
2952
23483
255252
83473
253724
64768
10424
51263
54928
133558
3340
64114
286205
125488
51449
1836
5408
22986
9946
7779
247
374395
91433
144195
92745
162394
55788
100132057
83891
126637
653505
10660
55181
140707
55259
375850
7399
9797
26256
29990
54549
80760
93492
199720
728411
22852
29960
5118
54980
219990
7840
51023
54838
80127
90637
119016
201283
653188
10791
729324
9553
51167
57828
80162
118663
132671
219402
348303
653602
146206
168391
653147
642954
374900
374928
632
148266
388569
199704
253639
146542
284406
9849
11041
388135
79789
222236
57683
100506898
135295
54466
653781
57231
57575
91300
441234
100131980
285296
25914
340990
390883
93034
57482
91464
100507321
84253
100130417
26998
127343
253175
152098
686
100272216
54768
100288805
653489
641977
143941
91074
389151
6916
27329
149013
25832
100132406
728841
400818
55672
7760
64405
90199
9786
56171
84876
80217
58515
84314
51752
653583
7190
220042
57817
346
55365
29058
219654
729515
154467
196410
677800
51734
100506144
89822
2691
8309
8310
23600
1384
51179
196743
23417
122970
158809
9900
6540
9537
6988
29965
80005
92014
6522
120
285761
338699
387718
196740
375759
56948
90853
55296
641373
140886
23460
10924
11061
714
128876
100616101
79925
26049
643314
57165
64866
3501
283160
254879
8911
1120
57722
4995
5197
255189
154754
23036
23261
23315
64131
6526
140564
81575
647099
58496
3046
653214
8854
283970
401509
130399
55359
89857
386617
317719
257240
51725
375593
1750
25943
7762
83694
415116
55351
163223
53637
439996
357
283458
54947
22801
89910
150709
115827
136306
654790
283248
166968
63916
55785
94134
400745
54953
81025
22873
151295
80201
51427
10903
10905
23173
157922
55219
100293516
79987
147664
57134
7980
113026
25987
57821
81566
10610
58486
55714
145483
375449
3631
22869
9496
9993
133957
54658
2581
726
115024
8857
10806
649330
664618
643224
5251
441400
145376
116729
392617
114794
80034
55105
389207
54207
27328
338661
57709
92293
121256
84240
140831
440689
9103
728556
6981
692204
619570
677815
26799
692088
26831
780853
692158
692089
652966
677850
26832
100033430
100033413
100033435
378938
677840
100033433
26853
100033821
51091
51020
23333
91452
147991
57380
28639
28577
1117
23052
60559
64232
9881
57529
375337
100131689
79366
100131827
56128
27035
100129696
9745
55255
139804
56052
796
6539
8884
11174
719
100289290
3578
3772
4142
9194
6586
9607
1087
120425
7032
80205
389541
9427
100137049
145264
54145
27293
643752
134864
161291
64788
163688
1621
64220
347734
158763
51175
51087
8633
3617
56154
150572
79832
84629
727676
6076
129138
348801
7743
139065
163259
84765
388325
90527
130271
246777
29106
85413
28912
199953
55609
348110
27295
114825
56890
54993
64399
284439
23657
29090
79689
114905
169693
761
1184
113540
84288
151354
139760
28796
27177
8629
131375
81832
26533
390155
338662
390151
58495
56103
55650
795
55508
8303
8435
79582
27090
126259
135886
57130
497661
3249
79957
121260
55530
9143
727800
84236
151525
6856
4360
8000
115019
3284
3502
9980
23218
54898
79071
142680
11264
6029
200958
51715
84885
7477
219736
63910
29015
55751
81691
133015
58158
29940
7066
342926
197196
116437
80704
6482
2014
57623
90338
3699
57047
100132288
7365
90333
79838
57393
56287
51284
202915
6518
64218
84650
8510
267004
7044
286042
6554
6700
5016
10308
11055
3373
80148
7982
6035
7363
6920
10103
10329
113277
54657
79634
23729
26873
389690
6248
84992
7869
79177
79816
83758
79413
84302
113000
283629
169270
195814
51704
340481
23526
1908
375748
6815
55380
55808
27304
54867
4524
976
89845
10998
83943
55572
27321
84572
9955
51710
90113
83854
84279
126792
112770
100505776
23642
100289574
25976
27309
374920
340543
152687
645323
4503
163702
283120
50854
23671
169200
81558
9762
89801
55731
84915
9772
85443
284459
57677
90075
7705
10156
221188
164781
149461
221091
123970
93517
116832
388403
84648
140689
11037
5273
441525
399947
150681
84874
55796
29931
57505
6036
6519
5731
2658
85349
54480
57211
768213
10942
23731
148113
1690
5169
9843
143888
23240
653566
375387
23324
4126
4248
100302213
100302168
646309
78991
619569
6083
26820
26813
26815
26814
64420
100287932
23505
55761
7368
221806
3321
407043
8603
6787
57480
84318
57608
85379
26115
165055
57148
116988
57706
55667
22876
9710
79668
57460
353189
28990
55425
9287
390760
2086
441869
23080
66004
6038
57688
802
284110
7425
280
80336
28919
8744
65094
5229
8437
84858
23520
406884
406891
126820
1768
55179
442497
4246
144568
84176
100271357
376940
79339
118430
5314
1826
550631
29881
219293
54827
23432
84264
23401
64860
348262
89887
26279
85397
79581
109
80309
100529239
54851
100130086
159119
199
275
353142
8632
282969
10568
100526832
6094
407021
139341
644186
221143
388633
23480
8776
8483
389435
644907
374378
2925
100271066
91978
193629
1185
28424
56181
139378
400682
644934
730668
64066
154091
57282
122402
25946
219578
23507
391002
57497
92715
57705
4694
137133
100616191
157769
389842
221547
54795
29799
54558
83550
92154
201134
400221
348654
50814
344657
4584
727830
54968
619279
85461
161436
255057
728622
285093
84304
7116
84460
283212
441518
3441
79802
339231
255167
286499
644903
729603
29923
253769
390535
100132565
96626
83659
729533
140706
284069
337974
284656
84265
54762
283152
129049
51409
84124
255193
337879
79755
284194
386672
22845
401507
401508
220963
79979
90288
112970
122060
126969
138162
149069
254173
144347
222662
132954
85395
158787
160419
253827
284992
285987
342132
388695
399761
163154
317671
441150
441208
440023
653240
206338
130026
115584
339745
4062
10417
284338
440184
112752
84948
22844
284486
222894
84929
155006
92129
140947
149950
152816
9452
27004
27254
55857
57116
91156
164153
170384
170392
200132
219899
259232
259240
342908
388389
440603
56969
493911
492303
139212
414318
84536
440087
10650
152756
167465
170394
283165
284276
284618
542767
80774
53346
400720
407738
9703
50674
56895
84299
91252
91661
158427
162972
199223
254359
343472
347517
441362
55238
54845
285141
441519
100288797
6649
55194
57228
79089
203562
399665
79932
207147
28396
170685
245806
23554
51277
85479
171484
11105
266697
64518
113802
340706
30848
123688
127829
9560
84976
79368
337963
339210
78998
154043
55222
152573
80714
11163
58498
81569
122961
346157
140851
255631
257144
375133
414927
26138
155066
284185
79810
441273
57547
64090
148103
255180
144404
199692
255043
161829
729862
729967
30014
57189
64648
64663
342666
84940
100507203
388701
80208
55500
79024
83692
113791
134553
112597
541471
203523
84229
113451
84677
388387
150165
147650
84618
55200
81563
80350
84532
221718
284040
100137047
729991
146395
140683
399670
196883
153643
83648
112744
729428
159162
96597
146212
728175
339324
340371
169166
257062
167555
140767
157753
169026
389123
283768
128209
125965
727751
221044
283685
340075
283461
344892
219738
245934
283870
401288
100288778
9254
1844
574040
91683
51629
126326
26782
692196
677679
677775
344787
6043
2121
441094
654322
677841
100124533
594839
654319
100526740
407835
26795
55071
158135
677824
677804
119385
79591
92482
619565
677833
677826
9304
654320
100500842
100131561
692053
55640
440253
161823
728758
100129387
145781
64285
677813
90835
692076
619505
314
692227
440456
677781
26810
79971
128077
25912
83479
3142
79894
2498
10322
151195
2110
724102
113829
55568
51000
441191
402483
6575
286102
84895
57713
57209
747
23625
5138
353116
55334
90141
51234
146050
339123
79018
100170841
146909
100287042
60386
80000
80131
284323
55101
6415
284361
647979
150223
402055
100132163
84187
286467
54896
100130557
9654
84343
64747
53834
57205
651746
203069
114789
22849
143570
9746
55647
388561
100527943
780851
124975
55113
124817
84933
148870
2524
8620
8681
8701
9760
11322
23023
25880
55515
64137
65996
80122
80740
81562
83857
387316
115908
128653
159091
285195
401296
554206
100128252
84071
56884
5651
84818
2701
150353
100526737
150468
26030
388115
90665
9582
28442
643904
11022
692312
11000
151126
283556
79587
387263
83460
84070
10518
399694
29943
116447
205860
4493
100419906
201627
152110
65977
342346
10357
79465
79893
4565
56928
728269
29902
30833
85452
63876
84514
53373
56996
10723
57216
84230
115
3503
202018
131544
400506
221785
51333
63977
197407
728577
29967
79414
51650
341208
254773
221301
119032
147409
23357
221357
57728
5672
23361
643836
64856
28972
90701
727837
55028
220323
51537
388558
55526
728441
51241
135228
152992
349565
54808
28834
146923
256714
158158
8225
83693
116151
285598
84890
445571
645345
124446
153129
256471
29954
8034
55248
10648
11272
80144
63917
4238
9990
22875
6542
57493
79572
133418
9725
80036
389337
101060200
203111
23180
21
57198
54503
23341
116150
80255
100134938
26020
84243
57168
374897
338324
50489
643246
51114
57665
51326
10536
51321
253512
63933
4121
29801
253782
1472
171586
29988
115939
59344
27152
80728
22847
222696
100101467
114821
285966
64077
124565
4696
9953
346689
50515
79147
79990
285362
9692
64327
54584
91749
83642
286423
221079
57613
90826
8509
153642
64132
387921
84059
145864
120071
55214
388650
153364
374882
79675
124454
55316
10505
22979
25789
9394
389362
100302090
140032
6443
4249
6309
653519
440138
201158
11230
7084
128486
794
390327
149175
89944
92370
643853
10585
57468
253559
440686
132430
26048
91584
54529
5988
23284
84920
2070
6543
8722
92922
3034
8710
56255
79725
197258
51077
388524
140467
27153
9556
92255
57691
441250
79809
55582
729830
84889
9562
340527
121214
242
123016
27241
57583
4247
55711
9941
80146
54996
57452
56548
55225
7485
54991
206358
26032
1186
57089
278
64146
441282
151313
60560
9836
81553
139604
146713
255231
54879
84144
56776
6650
11015
29929
345778
27433
10082
57475
3558
84455
28982
6567
728294
55254
7976
653440
23590
5806
5428
57465
100528064
11166
81931
80264
727936
2356
6533
10003
727910
246181
375743
79605
797
90161
2306
253152
10220
414919
166378
94097
548594
3512
54832
9215
337876
25819
51092
55244
64743
27344
9016
54839
84276
387911
392360
143872
2894
51104
245812
6535
199857
65010
51463
26507
283578
29095
29985
79064
653857
51385
10795
114787
113235
8459
26050
55260
115209
284098
126321
147407
147166
353274
100289678
25829
84668
10162
153396
22996
91012
346288
2712
5188
151176
94031
89782
127700
23230
64755
57552
57153
91461
124936
9294
9488
79134
1116
56300
56917
9487
57224
100287362
54664
84910
84138
9333
494115
51054
401115
254048
11005
8288
644019
728013
8447
144577
6397
255104
83741
54577
79651
113189
2650
7903
22901
148398
828
5275
201232
81577
57186
60509
2135
352909
7473
94059
55972
84068
5675
8501
221322
145482
57094
400793
92017
57476
11024
100507290
440519
93594
169436
51526
285973
160857
11247
60558
441315
100287045
64118
553158
89858
134549
400735
653619
7060
375444
23274
7310
202052
343099
29118
122416
79966
6573
284257
285220
57585
11234
1807
256223
254552
404636
1419
3443
3447
3451
10964
162979
29989
55687
5151
345930
9923
80059
283358
338707
338761
79627
64427
360030
94137
5540
54537
729092
102288414
653268
56311
79822
645432
122258
131831
92558
161142
2978
342979
414059
144406
121355
23007
54965
1349
116064
432369
54329
51555
57507
54674
389170
221061
401399
56132
58527
101
116984
123207
28974
134829
91351
29958
92749
10595
100132992
23553
285643
51557
29081
338323
91181
79717
202151
5922
166863
51332
256536
100129278
51733
57611
388015
94030
5455
9258
202374
339318
220001
80003
2852
338596
56953
10863
9629
93979
27123
57724
2567
55592
163175
29942
84666
347292
114801
91975
285267
9084
164668
90649
353149
91801
79974
2850
9085
117247
56271
340273
341392
283303
100505621
115749
81626
408263
158401
203238
1497
91966
1584
201140
59084
9002
400926
23768
2662
27198
90134
57242
254910
196913
255654
283575
284379
376132
2615
56169
347702
162417
645996
10230
10834
7932
79544
5259
266629
84631
284612
338399
8876
128488
6370
100169758
139081
167410
1833
116211
403313
222826
135398
150290
219972
353324
54807
10858
6569
3598
9687
148014
4606
83850
114788
340595
913
200298
283788
91561
2980
100289097
26005
168455
113835
729440
285331
6341
1290
376693
391833
646785
728791
401817
55107
474338
27147
642812
642585
440176
100132795
729500
646875
400389
100129982
729774
400011
388339
727803
730029
388707
643617
653162
389141
644464
728599
157697
80326
644422
728953
645086
285829
113157
122589
643949
284685
606551
100131196
280655
390531
170692
1187
23116
441509
256158
100126693
151827
440699
10227
114780
57469
9058
57084
10388
90317
57194
200844
120526
286097
23359
2916
8736
168507
642636
219285
340146
7113
114786
728026
54836
151963
100532731
85444
282996
55129
100129118
129642
116238
9538
100507703
142891
100507739
253430
317705
57415
27324
280636
127018
121551
79442
64167
51030
57720
116068
768211
28231
51524
253832
285368
100506055
84826
4324
3749
10990
125875
133022
1521
25972
375035
394261
51006
51703
5407
79157
79161
79844
84179
84620
26
57125
9679
64900
55017
138639
23150
23247
8622
23351
23232
642475
442253
1591
440044
1303
2595
7262
7543
9605
10144
10347
10631
22898
23207
27109
29100
50640
51188
55830
57102
57217
57643
63901
63982
65065
79081
79767
79774
80114
84107
84162
84437
84501
84519
84769
90321
91664
121512
124751
127253
128387
132949
139741
162073
166815
166929
205327
221035
256586
284207
342096
375248
392465
400360
541466
646960
727957
729852
100271715
100381270
100500804
101059918
7559
7776
9489
10512
23117
30817
54522
55076
64122
80821
127254
132864
254042
283450
347365
374786
548645
100506581
100996747
3269
126402
84657
90827
728621
54436
55821
389206
55063
84210
4825
644739
4858
403341
2297
200350
10371
55779
341019
1293
1769
25878
196385
84627
493860
283372
6690
23514
647000
7569
2310
285148
81870
10050
157657
83901
151835
100505724
23666
728318
337874
337873
51310
145773
163589
728386
401447
100862847
100526739
390113
644669
5341
10655
56111
10861
353219
143903
56920
401466
10873
79924
92691
51351
7475
7637
57412
402057
729480
136853
171177
8808
1961
100188776
102724594
51066
339501
6085
6084
6086
203859
10407
28513
391491
246126
56260
51471
100287569
347730
8538
283111
57477
440672
147837
85004
7712
138724
153745
168544
100127889
65217
55237
339344
85416
9481
100996928
1350
102724023
90639
140823
100996939
6392
442179
406950
653234
51393
162514
5732
