1207
1857
80125
22976
138046
90933
3190
90060
11143
3104
80022
148223
7965
79172
55885
1173
9513
84708
11060
862
127703
55388
9454
1856
645455
6426
92822
80321
79036
653121
51225
8907
11059
79797
58500
639
4204
5970
8028
8932
53615
7443
2033
4676
10771
4602
6672
23137
79677
10734
871
7067
1017
11335
23569
3065
50943
7468
367
30827
5888
56852
51666
867
7316
5664
29979
80198
23186
1786
5925
26013
2120
3066
7272
6789
23476
25942
6688
6667
10213
5711
5716
5111
8556
9212
7270
1029
8726
6494
546
79960
1500
79577
123169
23512
5928
121536
84515
990
4999
6595
3069
1660
7874
8833
10641
2146
7409
51147
54583
5883
5810
3364
6117
8930
56946
7750
6421
5469
84246
80306
55588
54797
90390
904
23309
10075
2237
9070
5929
9739
11091
728505
648
6015
6045
3622
54556
10524
84289
6314
8464
8295
3091
9112
8260
130497
23076
1876
23613
2551
64858
84444
4300
79084
3516
891
258010
915
267
79139
7415
55829
5429
6605
10664
57680
1025
7157
8841
8914
54962
2623
9555
5927
8242
6446
51564
5978
83746
11073
57178
83637
331
330
329
4671
79444
6416
84665
90
2624
6118
375
377
54464
351
333
10370
338
409
1436
7916
27257
6521
602
153
672
421
5092
825
3708
9223
7251
4998
5000
4174
8317
10926
10270
4171
6119
5001
4172
7534
81704
9322
1033
5932
9464
1213
3486
7295
1386
896
10928
5479
1465
1445
1634
6493
6492
266743
1839
2316
27258
25804
23658
1387
4926
54512
5335
3895
3791
133522
6597
79039
2099
2260
7040
7341
51678
2566
2810
7041
2908
2645
3309
6514
6517
2898
2897
10287
3298
3984
2252
708
3646
3178
4670
9898
10989
8100
3064
9001
25764
4209
6929
3480
7531
8651
5747
5599
3643
3552
3717
705
3875
4000
4301
149428
663
6606
7159
57142
596
4790
8631
240
4689
7520
4361
23468
51588
4286
79947
4904
26033
55729
10036
8125
4131
4176
4856
4297
4703
4804
51690
9627
2036
1326
4839
2113
5361
208
2114
22941
2017
22938
4893
11146
10765
5966
2321
4985
4641
5147
5910
5079
8997
29982
8503
335
51691
9784
5310
5311
3739
5217
5787
5573
5575
2241
5594
22927
8439
3689
10399
5170
23286
398
23607
9135
79890
889
5863
149371
675
11144
26959
26574
6256
286
4005
6886
26019
6176
6181
9267
8940
6626
5174
6662
2516
1191
10497
939
2280
7528
2286
4647
8557
322
10153
6935
4692
472
4914
84941
6714
7046
7134
7128
7132
4921
999
3672
3676
2313
7428
7515
7572
7556
10466
7507
7508
3054
186
10048
660
4435
10716
3397
4036
2066
23413
9826
90249
10128
7337
9367
1488
65109
56000
1678
6457
1837
10243
10084
2157
4068
2332
8087
4478
369
5605
5422
6103
3358
6855
6872
9083
10580
10138
23162
598
581
19
57763
6884
5782
7286
9659
162
84687
3718
1984
51651
7088
3572
2059
2194
1063
5976
27247
5586
8502
6310
9409
9326
3376
27429
11221
585
9564
10293
1478
1477
7516
9242
3398
6925
5193
5194
23647
22916
11243
9451
1742
4690
50488
5965
8554
9261
6286
4063
5725
3430
6854
1027
3636
9612
1028
7357
4760
1315
4646
55802
2186
50848
6868
666
597
11157
23705
1464
5901
8318
3675
274
657
3184
23072
137492
4605
27101
4085
5468
573
23645
2887
5629
10657
6016
22808
5241
5886
5887
7068
59269
9616
10155
5191
6670
4175
5994
599
55620
118460
167227
3603
5879
5880
7442
6867
10419
64326
6477
23089
4734
8458
3611
1785
642
5528
1080
7884
9522
26034
8204
10614
5999
4215
8773
8498
2801
4116
9311
3556
2274
5511
394
3182
9971
321
2533
5564
5565
5571
84220
1788
6047
5493
6294
5602
5600
7205
9355
5427
694
54476
55740
1317
6432
8446
4739
23524
4170
1616
4597
2175
8874
23048
332
8718
11035
10892
84270
1174
8905
8674
85509
22888
3090
10158
10059
5873
9628
7727
10460
22894
5330
27289
22820
55048
10672
9402
51433
3682
10043
8576
10787
10912
11252
3758
65110
4681
6895
8411
8725
10256
143
9457
27185
51429
84440
10107
23433
64081
22803
54984
10549
29993
10628
10675
9670
23236
28962
23594
23431
64105
57819
326
1894
26353
51298
8500
10492
5914
51102
7353
57761
5073
56915
2672
96764
26292
4016
4502
5592
26994
26251
1734
7329
10210
5187
8864
406
55145
26135
3297
1838
4173
898
2890
23037
2787
2786
2785
10681
84100
200576
6272
84838
23369
9533
9093
23345
57554
140290
1797
11244
10092
60491
23163
116154
57492
24148
26059
51466
9033
51086
5218
9874
200539
51125
54825
57599
91833
90293
154796
8480
9817
9128
9733
8237
9958
5713
7375
56897
9338
79921
10868
84464
5347
2072
8454
6502
8861
23635
6500
55294
5743
50813
128710
2067
4436
7706
5715
1163
5987
4076
10146
23586
23067
80335
4152
23028
10919
9170
8698
1901
10572
9351
51530
7799
26580
53347
10053
4193
10509
9101
6941
2549
9846
2353
8061
3725
475
2671
10987
10273
1535
10212
84324
8452
150684
8453
6921
26018
2268
4067
2534
10617
51652
27243
6792
4292
5395
5378
3164
7189
7805
2625
54472
3554
7161
10413
9260
540
80204
29763
9051
89848
23380
238
4869
2885
3329
6774
3667
10015
8027
81565
7334
4792
84447
2861
192111
8900
1869
83737
144165
10452
56993
6827
112495
11065
10714
3320
26088
23062
55823
57617
11047
5708
5707
51377
1050
1956
1499
8353
29117
5451
3020
8350
23133
148022
8737
90326
54617
81
7343
4654
865
4303
2309
10014
5585
27086
93986
55182
1642
8451
80344
50717
3308
5579
4678
860
10401
10049
165721
9759
10013
22933
51548
5591
2065
10134
2436
1026
4088
983
5566
84962
3720
22823
302
6778
22880
8493
23411
5325
5371
6878
6749
7153
4001
9688
1655
6427
10514
5885
8243
6296
23328
5902
6772
94103
2735
147040
22992
4221
55257
10902
8626
56616
91
4092
6613
6612
4738
8517
8850
51426
7321
7322
7323
51619
7319
7320
7332
9246
3093
55293
7328
7335
55284
7324
10477
7325
100131816
29089
64400
65264
148581
63893
54926
55585
7326
7336
118424
140739
51465
9040
92912
27338
57154
9218
9217
51247
995
2019
3399
2626
51141
9820
9978
9021
5894
846
7532
4194
1111
7529
7533
51176
324
29761
1540
920
9844
54623
4615
991
4928
9232
149628
55120
1643
6737
8202
10498
3276
63891
10422
10603
3678
2263
26232
26270
10956
8450
51514
83743
9410
80232
54554
5048
54475
55759
9391
348793
79726
80349
545
84181
55143
51339
9757
58508
23054
6908
5430
10933
93621
63967
6594
51684
1482
9968
2737
25855
9937
3621
81620
56672
123228
7258
5268
25842
7290
8208
1602
2011
4140
4205
5245
3207
64754
165918
1870
1874
1875
1871
25949
1112
1432
2315
595
1019
7398
1840
5300
2308
5077
2969
7391
5590
6615
8521
3014
5467
29803
51053
861
28996
9611
8467
8359
25898
4780
84676
8349
11198
5884
3159
6598
6599
6601
9274
51341
7994
7862
6419
23410
6790
3619
2002
9314
2100
1487
8721
3688
3691
3693
4149
4609
11177
11315
5071
5580
6010
4087
4091
10971
26271
79648
10499
4101
84787
84661
140690
7917
25
6478
1743
4842
9577
355
4437
8819
79685
6418
57708
142
1653
5934
817
7813
30011
6456
2932
4137
5536
5531
11184
5931
23081
9682
84106
57658
6647
5710
984
3454
3815
9349
4089
8289
4848
11200
58525
79813
29843
10856
4824
6125
4688
6135
3024
8338
6722
8328
6839
55198
26060
8607
10395
9869
5626
23125
5080
1385
4094
1812
3727
1051
23426
9219
4830
6304
9500
10038
64783
80854
2116
55818
51547
25885
10951
207
58160
5601
9031
54602
9894
9675
80185
57634
4086
4090
3763
6331
92283
7536
148327
57132
114803
7444
868
580
4665
1108
4664
3642
405
3299
9918
64151
7764
1052
23492
10284
54625
10297
996
7082
24137
9133
28999
863
29072
126433
84959
10724
8473
5424
2770
25793
9787
9638
6602
9637
4791
864
84893
473
1822
5947
2597
24149
5993
5989
3932
5618
23291
51701
6885
79876
51506
8945
7486
9099
701
100316904
2101
2104
7421
3006
57621
147923
1045
80314
387332
4802
57491
1457
3726
467
6591
333929
5501
3659
10365
579
22974
5055
5449
5889
5018
3206
1147
1105
1789
10847
8522
2060
6776
9734
25822
5524
5771
5309
4929
8856
55677
6252
23408
7158
63925
57805
3172
10320
8852
10980
7249
9960
6188
5920
6622
283078
3303
120892
83667
27244
1620
54700
7181
84678
8649
55743
4899
11197
151648
151246
26058
6196
5933
10194
128553
57616
93649
6497
664
6757
8535
10140
9730
54880
84759
23429
7186
81559
51586
57646
6531
9636
51191
57697
1523
7091
6095
3654
2475
83933
2956
9146
5687
5685
5683
5688
27183
4691
1912
4486
11186
152137
51160
613
8915
7327
387
3312
9709
51343
668
84232
7013
26272
8800
8799
92960
4216
64219
6711
468
57478
8312
4298
4299
10521
10915
54888
2547
51009
6400
10277
9532
3638
26259
387521
9098
997
1196
26039
55693
10425
4287
7957
378884
2997
55869
84148
9014
9425
5423
4294
5597
998
6721
5062
65125
4217
8569
54477
5581
4208
5598
11183
6654
50649
9693
5058
1495
9448
9892
350
3747
288
1601
6794
2596
6717
25801
6271
135
7175
83851
9618
382
151888
8682
6197
3107
4853
6464
5499
9743
5861
64780
2152
1791
30836
23335
23312
22930
11141
2833
972
2013
847
27
29924
84674
22899
3266
390
6814
6812
2054
6810
308
25913
26277
4057
79075
63922
54921
5983
9985
9126
5817
8161
2010
22944
8693
4920
9138
5290
5338
93185
2769
7265
29899
1879
64320
960
6093
112
10910
6277
51567
3760
4684
51107
1741
11336
60412
2904
23265
1277
3479
2690
6449
9466
3845
9770
5364
6441
10825
55728
7043
8543
4628
79595
51742
64426
51068
7137
10673
58190
10106
6005
6829
55670
81848
10253
90411
5074
9510
7422
4616
1647
9063
25776
6657
2147
11187
3977
1271
1649
3074
59286
2776
6261
204851
8772
6278
4207
5803
7015
5604
5608
885
5414
4735
26136
7123
857
9187
8091
6588
5705
9861
9690
961
914
8805
7625
793
4666
831
5578
688
5036
3356
8650
10168
5567
6399
156
695
1066
79706
83461
10979
54751
4012
4846
2983
6383
5576
687
10006
4793
28512
4144
83666
151636
6000
5649
5478
8898
6305
1739
151987
50628
4868
6663
10611
2961
54457
55243
9667
3015
6281
56302
23557
112858
51002
23051
10174
9231
55272
92856
10769
6804
6811
7430
55843
50617
7098
7099
933
84651
1600
90441
4851
147
3570
2020
3202
3975
145258
5015
7525
10039
5663
51762
5979
2081
2697
50937
91653
5757
10179
8165
3838
84033
8497
28964
80852
57463
347902
386724
6907
7464
79718
50944
85358
5148
55770
1816
5728
8089
10579
6195
3956
6720
1398
1793
50484
6241
26751
152503
1244
23595
7936
196
64800
767
821
55832
9656
55240
2862
10566
1000
8683
111
7020
2562
51366
5337
6242
4438
7411
4439
29127
5909
94121
2896
6898
79885
55660
25766
23522
51317
5321
1909
6634
6632
9810
2976
9330
9328
10623
2972
23118
57459
2874
604
10445
10934
9643
9541
6499
2895
8665
728642
64386
112755
653361
4331
902
1022
11176
9329
10621
55929
54107
2950
8479
11100
2648
5981
7155
8099
10661
7030
8648
5926
2287
4784
2242
6760
6773
7050
60436
9440
7184
4150
1107
2122
8462
83855
51621
7071
8928
29947
7704
23523
10114
6996
55662
10472
86
60
1024
57649
64324
7291
22806
22807
64375
3280
23493
9406
3192
9794
23741
10432
163732
10474
6871
2627
1459
1460
3181
1855
6689
5595
1933
1937
85236
2246
466
994
815
2130
23327
5216
6927
2314
9208
4487
4255
27043
3175
4773
9325
4778
3661
4762
401
79753
1911
84108
9252
8986
3660
4854
9604
9025
84733
356
10450
3609
10656
7832
5252
5465
9412
23112
6732
53616
5500
28954
11215
2107
255967
26986
29883
5504
1813
5568
6262
6837
219541
9477
112950
51003
3195
10026
3135
11345
2521
10250
1475
4041
4040
41
2185
2934
29984
1730
4082
63928
6548
6550
11261
2903
7879
10203
27327
2901
2891
5163
10564
10565
11068
65057
27252
55324
31
52
54
51205
4185
128
166
8644
217
51566
309
60489
379
54622
396
10094
407
415
84164
509
9551
93974
10458
89927
23774
55299
118924
64776
56005
284403
56893
10436
9315
253714
80228
51608
79034
203259
79886
785
805
832
23589
839
6354
7203
22948
965
975
113130
55755
80279
9620
55803
116985
1081
1123
1149
1298
51004
10063
1363
8895
9362
1434
1510
10658
55280
10563
7812
1611
56943
780
11269
57062
54555
54606
1687
8527
9704
84223
84103
26100
25874
26150
84256
157285
55355
10301
4189
8655
1759
8813
55211
1805
10570
4733
11266
1892
1906
1936
1942
25975
1959
8891
8894
2026
2039
23474
2159
2197
2091
8789
54850
55030
23149
2261
63943
55700
55258
55262
79719
79948
80152
84140
84894
54919
55004
55013
80304
80212
79768
79866
284004
124930
219844
752
2512
8880
53826
79690
2638
7841
57003
29997
2747
84280
2791
2804
51280
2806
8733
81488
2936
3043
10542
10362
3163
51617
51155
3189
10236
8988
79663
10808
29903
57095
27336
3488
9398
3569
10994
51477
3692
6453
10625
3735
3757
79047
9808
9778
57489
57223
340390
5655
56992
3897
64129
3960
114783
158345
339448
51058
51059
51236
56267
56901
4023
90678
4048
51631
11313
23659
9587
23764
51025
57192
4191
51259
84331
84968
138311
65990
79080
79188
79159
359845
79096
83931
79101
11343
8195
4291
10200
4356
64978
51073
64949
64965
58475
10489
4673
4700
4701
4714
4715
4729
4758
4809
54544
79576
10360
29959
4905
55968
64710
11165
11164
23636
4931
4942
4968
93145
83638
5049
5110
5195
5223
55274
5264
9796
5279
23761
51196
5355
23654
5366
8612
84988
84152
25824
25843
5553
5621
10197
55269
29789
11344
53635
5775
5790
5822
22931
11021
5867
4218
5877
10235
9400
11079
5996
5997
22902
81847
55147
10073
6134
6138
6142
6159
6133
11102
6204
27330
22800
9853
9905
6279
6303
6311
23256
22955
22929
10169
5104
6429
6447
6487
8402
28965
10991
6616
23478
6687
6709
11098
6744
9913
6770
27067
81551
29888
8676
6783
25870
6840
10630
6866
6901
79735
6904
6919
6943
6997
51497
199745
4071
7105
8794
8743
56984
11189
114034
9804
55872
9540
7164
80128
8848
7259
10381
23190
7358
9706
7372
8975
23326
10406
7511
79077
54819
55734
9278
55905
80345
92285
84622
5826
10551
213
306
10190
399
23204
51593
427
481
537
9296
567
55643
80007
79686
56252
57002
55848
841
57332
6362
1008
1030
1031
51019
51076
1124
1160
23412
1316
9377
1345
8738
78987
1396
1508
10540
54541
1663
26151
51726
1787
6455
1880
80237
2079
2167
55701
84141
79676
84950
54908
54949
65265
2290
2647
2653
79760
10249
2783
9568
2948
2962
2965
3039
3117
83444
3146
56944
11078
3315
23640
29070
3336
3417
3550
50618
23199
23095
3835
10403
3953
4014
4043
4097
4122
81631
28985
81576
129563
6257
5053
8431
1297
1407
1408
26003
64689
8548
5313
7096
7097
142679
5609
9939
7026
1437
3567
3562
23013
54972
3604
51529
29882
2266
2243
55140
8518
5156
8764
977
6014
5196
276
2811
2812
3777
89780
7474
391
5903
3551
5319
5781
9973
8797
8795
10818
6844
7581
51776
9175
2743
2131
2132
340205
23075
10109
5792
2872
83394
5190
5189
6910
8717
9046
55715
55816
4803
4352
2057
54997
7450
164
8906
139716
2960
2071
9527
8660
6617
6619
2335
3350
3352
5916
5870
900
25803
51655
9722
6850
7133
943
958
7187
7188
54205
5998
5295
3848
624
7293
10981
158798
3055
1399
10278
5777
29935
1104
9423
3831
64837
7080
6631
5868
916
859
1605
699
1796
27125
9478
10421
890
23421
10124
5898
5899
7273
88
55840
5350
2006
4237
51100
56904
2155
23385
273
6620
5700
5701
57510
6546
925
397
29760
147912
2139
1977
4192
3106
40
10691
2073
10062
2494
6368
1821
57716
2064
7248
6198
79109
6009
1981
8662
1978
5520
57521
5562
6249
8663
253260
96459
9821
3265
58
80347
84271
4747
5066
894
201163
5802
4892
655
652
2688
6367
26160
8022
7803
11140
5154
5159
5054
56924
1263
25970
5340
27236
4800
1144
3716
3625
3624
2869
4035
7006
51778
58529
91977
760
5906
2323
3383
7448
912
1176
25937
3371
85439
6402
3458
10891
7010
6523
317
718
4986
8853
6645
4867
50616
9463
5610
5327
9495
8815
1003
24
843
9044
905
9467
1810
10589
5457
5458
1270
7376
3482
4074
9372
8996
1746
1749
4488
29946
9048
5292
58533
3122
7535
5921
4077
5829
64240
6890
6891
7538
6618
23451
9221
9368
3416
4644
57109
948
3929
3824
55250
29941
23092
79658
8433
2074
27343
7003
8031
8871
928
967
5738
3196
4100
402
4878
26047
4282
8029
81493
1314
408
4801
1800
3761
64130
3576
4214
4843
284119
81858
2803
403
1069
57610
1294
635
2324
7514
4288
9341
8675
10228
5473
1308
10051
29974
93643
53358
2212
22
4064
3594
51561
1877
26258
5778
3839
23365
6349
51562
2649
3837
51606
56654
712
3597
7025
54910
5453
6843
5788
57530
163
731
26191
6385
7150
2275
7048
7049
51667
11337
1476
2
3836
811
1958
8550
9445
6513
9735
7177
7075
5544
54101
4751
79623
2802
10019
90427
140735
1832
5266
3713
57096
55114
9912
9472
5141
5144
23191
10963
92
93
659
260425
7110
291
2583
7818
2664
3092
4987
5452
3148
919
10276
1861
11069
372
22818
8887
3586
23085
6382
801
4915
10111
10010
10438
55914
55227
11033
1441
1493
2200
4145
6461
3817
10159
55553
100506658
51560
8490
6004
10148
429
7076
1439
4935
1122
3218
1811
6011
10001
7707
7439
2042
3670
4009
64843
7412
9185
10152
2289
7223
23016
51013
2938
55716
1630
8440
6928
9337
8754
4162
9603
3608
4055
10567
5872
947
9632
10427
2199
7094
5588
818
1020
2539
127833
9066
90019
143425
6857
84258
6860
9020
4771
640
10482
6559
3745
55540
7057
5874
8573
10023
79659
51626
5336
23678
6434
55806
8832
85021
4018
117145
2138
9256
5723
6625
3790
54985
5890
641
5329
4653
931
9982
3937
55824
23604
1969
572
9378
9379
9369
8525
7709
4312
4313
4314
4316
4317
4319
4322
3577
637
6263
6259
720
8899
2889
8605
1824
10921
2705
1604
80824
1843
83593
5824
4898
10848
55207
55024
5495
1232
3939
8732
8976
25998
11214
10636
7454
2035
9414
9421
114907
5420
4084
3211
2040
6504
3394
9318
5460
4794
3059
8625
1825
29098
5900
25820
27033
80174
10930
650
4828
8021
1013
5525
9685
10142
5116
1462
11099
2580
23598
1392
1394
3635
9966
7031
9586
174
117581
1195
3219
3802
7059
9064
225689
56001
10392
7301
4296
2318
7307
55
5911
9049
85417
971
7077
3981
5175
6863
7027
8615
2963
58484
6098
10451
1815
3762
10612
7297
114609
154
151
152
7009
4133
6505
54386
10188
587
8139
5770
10605
3732
5178
3658
10280
328
6742
25791
87
8784
190
259
3662
799
2049
2043
6633
6635
6636
6637
4683
55367
8767
10300
9181
325
842
7356
3702
10318
55003
945
4153
715
716
5648
10285
7204
5523
721
10379
7745
7718
392
10291
11011
57403
1236
836
2902
10045
80739
23542
5603
147700
3799
3125
80351
5893
966
2068
9519
5359
962
4956
9479
4650
84958
7247
2888
3784
10878
10877
28514
51763
23390
5283
50855
84612
9404
239
25945
3679
131
7408
3568
10226
1004
1016
3949
56949
7414
9531
55851
3481
6285
993
11129
57396
7143
3559
3339
3812
5611
8038
10762
4988
4638
9482
5582
2893
10274
64682
23244
8809
7791
6934
135458
4953
8804
4831
3224
9649
3690
5869
5801
26119
57502
11346
5892
57718
83992
55917
85369
11235
5515
5518
51765
80143
8428
10494
6801
29966
80342
5516
5522
9989
3476
6950
55671
261726
60312
8771
8740
1264
4147
2209
2204
81928
7185
8837
8471
1641
26229
85445
79937
6442
1473
5830
6352
9610
64750
320
143187
8417
8673
79833
5271
4582
7416
3161
1982
9276
1947
6777
27113
7112
6955
6957
4983
4049
7462
6498
3560
5896
5917
6275
3565
6861
148281
341359
6295
255743
8516
6882
5962
875
4099
8792
7042
1280
1300
25792
9994
64127
7016
10420
10923
3459
3460
5992
3958
7168
7169
7170
25759
7079
57596
921
5213
64332
161
5753
27301
7433
8826
1002
1737
26469
6923
3240
1438
5660
64398
7827
8115
1179
51363
2046
4261
3640
10507
3575
23462
1235
57045
649
2023
27030
2281
5584
7850
1845
3827
2038
11276
94
54822
1121
930
9229
6529
348
64112
11178
7037
973
1047
1234
2288
25897
627
9169
30818
8470
3921
10248
2740
4901
9807
7182
824
4593
653509
1755
10016
118
7852
3566
9815
1361
115677
940
1615
23643
2886
3741
2834
7436
7804
10755
55333
9270
57120
3105
7373
4686
2986
390226
7465
8409
3816
8036
3852
578
7074
1831
6046
2778
727
1915
858
8658
212
51764
835
10938
30845
9342
8881
2317
6480
6284
6347
3455
1145
23263
10726
7162
6728
6147
389
11113
388
1154
51272
6945
22877
7214
9972
54433
2781
1997
51604
1618
1268
2215
9833
23043
155
8542
3781
1950
9241
5431
5432
5434
5435
5436
5437
5440
5441
5439
4852
5819
9450
6258
7846
1991
2660
558
8313
117178
5865
8148
633
2959
23090
11075
9590
3915
1282
3938
2917
8558
5192
5828
1778
1639
1965
8600
4225
4224
9227
57822
2800
673
10193
10859
10288
2047
2048
2775
3587
28988
7276
8867
2923
4179
3673
1943
6240
6640
10298
5623
27445
9266
27141
5644
10459
1134
8936
6782
7913
29108
4210
11127
1281
1289
64376
2768
9094
944
2022
10435
10602
1490
23066
4849
4211
952
347
319
1964
51330
7222
7225
7224
7220
7221
57113
6503
8831
29893
8836
85456
64072
10083
6348
1454
5825
215
7130
27134
9076
6879
5475
5470
23543
1780
6452
79695
80725
6752
63970
6549
3490
493
8829
1830
9113
5786
2782
6282
6729
3426
3075
3746
3754
2277
26073
8666
3980
667
339
9437
116444
1192
25788
22914
381
5549
8570
22999
3800
1401
5328
23624
6273
6764
26750
10783
91754
3082
10017
7431
5587
2339
3084
538
5037
2760
1983
1728
2957
9419
6337
6338
6340
11219
7052
55894
9512
51442
3856
5727
8643
3674
84867
5783
51172
8877
1410
2771
10121
1393
1041
5913
55591
100132285
1233
1060
5982
5984
8878
6942
5094
3191
3183
10345
3456
683
550
2203
81624
51517
6641
1756
10519
3818
4925
9015
9013
4318
51227
8818
10746
5607
7018
5087
6741
4603
10189
7786
262
3108
775
7114
7424
8863
55805
4233
56729
8153
91544
5864
3169
3170
2444
3337
3301
1021
9088
8775
1380
57731
27250
6207
9518
23559
23558
1284
7163
5450
2909
8739
2958
6874
1814
1827
5985
27242
7167
4281
11043
85363
117854
81603
114088
373
7726
23650
11074
22954
9043
5360
336
7410
1740
2162
134
6786
57620
7078
5745
10845
7266
6710
64407
90070
722
10935
10254
4311
2892
2913
5204
5702
10587
2244
9961
3751
10788
4783
5413
23176
8694
5881
4883
4882
4982
9295
11338
2247
1453
214
3840
80835
80834
5108
3133
10454
22841
4645
5228
9588
554
84203
5318
3316
1760
5774
9228
1613
7461
2773
6001
3270
84126
10044
54345
8888
4188
4975
10900
6696
6469
1967
8892
8890
8893
3198
6917
771
7374
10096
6675
10988
10766
901
6102
9184
6444
6445
2004
3205
3805
55502
5298
1390
2990
7471
7472
8323
6422
60561
140461
7392
7011
834
1583
2058
10635
182
50650
1910
185
56923
3579
23396
55809
301
1829
63827
176
23299
4515
3728
1676
6678
8812
85403
6387
2178
2189
571
8239
432
433
527
6580
3710
6274
1514
8073
5876
3695
2868
2870
6876
157
3767
4308
6017
6351
4254
118427
3655
55746
57122
10659
5764
6317
4908
4543
8601
7138
3698
8412
51274
26993
2192
3681
4168
140901
9124
6623
4103
2665
8751
3858
100
728
27332
2254
1295
5871
27040
22895
6590
3738
3737
3736
1999
4841
1719
5293
3934
8766
253980
60676
7407
51386
8661
23633
840
3150
10488
84570
29109
57555
22871
54413
7124
4601
83463
10608
58487
6676
6655
1452
3945
3606
7106
7384
7385
259197
549
6299
3385
1673
9100
8727
6629
2822
1944
1946
57586
57144
57556
10411
9771
23463
2911
3292
6671
5593
28956
1975
8536
22950
57541
7014
5813
7036
5155
5294
689
9332
7306
8637
4913
56998
29119
5345
8851
2165
23017
5796
8741
3273
9672
2239
6128
10055
23077
9019
10750
9542
5858
9392
6900
84441
55534
1072
7166
5612
26354
3313
7490
23113
9530
8396
1638
4916
5684
9134
1164
2176
4661
5068
3547
3964
8515
284217
10618
5045
59341
51206
5905
8106
2745
27240
7070
10666
2683
2554
7456
710
10747
6496
8013
6386
23138
171392
3553
816
7378
151531
11284
6129
7553
37
435
175
2153
2188
2177
5836
22920
26146
6845
10262
9092
63826
9666
10218
5119
7201
2571
2572
11112
64123
26103
7379
23495
819
2966
5798
5799
4591
8405
5339
4832
6236
181
5443
4335
26747
5537
5063
89
9282
2992
8908
22900
10758
9230
57111
80223
9727
66008
29978
92610
23414
5454
51135
10907
51729
1896
23229
56850
81876
64395
4306
10728
2646
3925
7038
2899
2944
2946
629
57018
23097
148170
57381
6653
63971
5704
5091
4050
6853
6002
84552
60626
23161
2977
932
3001
959
6767
3281
1131
3048
3730
9244
6712
3987
65108
54210
9863
51164
29970
4811
80781
1794
8672
10239
55679
6607
8664
8667
6329
4836
3753
23406
5646
26502
4058
8496
8499
4066
6887
662
6189
10018
7058
9156
1378
3439
729
3684
2706
84967
3959
4052
80331
103
3656
3872
10024
5411
4600
3683
10342
4862
575
51412
8547
1382
10204
5527
5526
5529
51455
5980
1443
7305
10576
7517
23581
121504
8290
5606
6283
3605
5351
5352
8985
8883
9039
988
5356
6621
30000
3821
3822
4599
4656
7867
9436
2213
3487
3483
3384
6693
7351
7352
963
3238
3804
3208
51085
1803
6880
10594
10054
80700
26224
80230
2295
8778
8448
9263
9262
92797
10131
9321
9984
70
4323
85477
10841
90102
9499
5957
5028
634
125111
2125
9575
5519
10801
6726
23308
11218
27161
59338
59339
8777
10002
7263
6059
51194
9150
9456
9455
6344
27151
116
6406
3911
941
1137
7253
8175
9111
10537
59
6624
8174
10538
9173
10725
10211
11004
55723
55644
3685
6746
6628
1325
23136
8315
59348
5617
833
6280
3588
23049
8291
6733
837
3002
27178
10267
10332
30835
10163
64946
6755
64806
6753
58985
310
8065
10316
10874
9580
6892
23303
6708
10870
658
727897
50859
4072
6809
10815
6536
9152
23673
55014
6398
84701
5447
8528
5320
1823
1828
5317
5530
1674
4967
311
5136
6926
5534
4833
22853
22919
5308
661
55718
11128
3785
1130
1677
85406
4651
779
6642
5050
7402
22926
5239
7349
162989
9191
1847
10487
10486
3775
102
11188
147179
8835
2635
140890
7083
9589
59343
22861
83452
60401
354
10539
3973
3903
29992
83729
6520
9056
79850
1238
1230
5291
929
4155
5376
4359
5818
4952
1466
886
5794
51347
100506742
8711
11171
140628
7380
8048
4835
3592
6865
5127
9091
5635
23649
6877
22797
3930
6300
57099
4923
4909
4772
8324
9075
1365
1364
7122
9074
1366
9073
53339
4990
2272
22843
9647
3151
4781
9908
55922
136319
6875
6376
5795
65078
7035
2158
55596
51659
84634
1716
5720
55081
5296
64601
65082
2674
2675
5509
23616
27085
7494
9180
4342
7593
22822
376267
51654
100133941
2248
10969
54843
94120
79083
23086
6237
3475
64170
9737
7545
7546
2736
84174
84433
79092
5007
5076
5075
4222
4223
7849
1182
6356
1356
117157
5396
5746
5744
116986
3803
5236
9585
3665
8301
5307
5269
4660
10326
9641
11193
23360
170482
9220
5331
2561
1603
2005
108
55738
9493
10105
529
1846
6506
11333
2814
6403
7165
2621
6404
7389
54434
7156
1646
10434
5069
5425
5052
10307
813
6050
6508
5686
735
5624
7056
8575
114836
114132
5627
4897
1272
5797
5613
84073
11217
89876
29927
10952
4595
55157
9255
126382
64499
6301
410
610
348980
553115
2984
79849
81786
26056
160
23533
1409
1415
1420
26225
3275
23339
83547
115352
2764
1848
51747
85415
26297
23082
50805
83878
10335
57159
26040
8408
10670
10325
57085
7283
6495
26528
9802
1617
10000
9353
2235
590
23019
5724
27131
27044
2831
2550
56288
1859
23405
83548
10913
128178
30001
23071
56605
64422
10533
30837
5287
924
55217
9344
491
488
6532
682
3187
51592
1369
5162
94122
5862
64145
54212
54453
5878
5912
51735
157739
6775
7086
26190
54918
1849
665
10376
6165
11051
63920
65080
79020
23184
8991
6366
5833
55967
10426
10244
307
5908
4232
387893
29945
373509
51720
10133
83990
55737
51699
253725
23325
9897
55611
50838
8337
27000
4891
80762
203068
283899
79913
93973
29844
125476
54891
4798
23409
7403
23135
54552
10241
29110
1735
54496
10782
3906
23304
85453
55167
57534
56957
4613
9148
79791
1211
51400
5521
55844
26168
5583
57506
78990
57630
11279
23032
10735
23047
10592
3396
26147
64282
11044
84186
6659
8678
942
51741
10898
2515
81857
129685
192669
192670
10526
26523
112399
112398
27339
55139
149708
85409
84897
55971
9110
80325
116092
11236
54487
9646
23168
84557
79845
149603
8533
23295
3326
6909
6124
7703
7101
50514
7552
55870
201161
51065
6232
7466
79728
114799
126961
11076
353497
113510
57663
197131
1062
5930
6091
55215
1612
64718
2187
80233
197342
91442
26173
65123
80789
26512
23091
79991
9444
64979
2137
9354
5507
9572
255626
8364
440275
144699
26524
23644
57447
5718
10613
11160
6048
53981
4481
6993
23111
51510
135644
23172
84142
29086
79184
51132
51177
57522
93343
89853
10813
4779
91445
1736
4157
4158
51185
3123
3126
3127
84062
80254
814
90480
440574
55763
55690
84662
200186
57531
140462
1159
548596
1152
29116
8314
9867
219333
64854
51035
27335
10480
80829
3156
83590
23397
339390
2669
171023
2078
54331
3077
25865
5243
57591
81030
11213
3663
3664
79132
64135
64343
79671
4940
23098
9755
340061
257397
54106
353376
200081
55787
81622
142678
9878
5514
26234
54971
7345
22870
9701
55291
9695
26155
57448
65018
155061
29128
59349
57162
83596
4190
57016
9798
200933
51534
55072
26118
80020
54431
80196
117584
55300
55361
90780
54708
60672
27145
104
51079
51322
80124
6233
6201
6049
200558
55626
51043
22846
374969
112574
340571
56950
29028
2034
2161
11124
81844
56899
23294
6199
54165
5682
79759
54461
163786
10733
54469
54332
10456
54899
79365
29101
23435
2119
92181
9320
148066
377630
23528
6334
3037
7702
55159
57542
11104
64421
9129
3344
57602
79589
57561
80176
92369
84727
6339
79657
684
55636
55193
196528
3217
8370
79364
55629
5915
773
10550
8924
54935
23550
8445
83860
22937
55432
51460
10009
64798
79585
9903
55958
51127
54765
9584
4796
23197
26043
7993
127733
79058
55666
11130
51528
5563
161882
10528
10978
1058
26269
50807
1656
115426
6780
5433
48
11342
10116
132660
286826
55957
91750
6096
9970
3174
2063
57787
131474
9240
55615
6881
26133
79003
26973
23063
9793
3993
11116
112714
51109
1633
53944
1381
3792
5800
8322
79607
341
79682
10008
79817
6391
55111
3628
3115
4695
79723
5968
10899
205
7347
23450
54902
2273
7178
10423
1808
10206
55278
1400
3028
6788
55577
8508
617
51569
23498
28966
55349
54539
54951
165324
6185
11224
8705
9403
10890
7453
9459
10440
79922
10263
5552
51535
6835
3155
1455
5201
7802
2487
10944
25934
10616
9738
79598
4284
6883
3783
3782
84250
6025
440414
51676
222484
5897
4900
56254
2629
7280
56655
9474
23710
27102
55503
57215
157310
26002
5093
4782
8820
122953
92714
27106
11331
22882
8078
139285
29894
1054
26471
9271
9775
54538
4110
163126
7979
55174
54973
90025
3996
6154
54764
23567
252969
9306
9529
23363
23239
6795
6239
9658
54455
8085
92344
286204
6648
57732
92552
10299
26086
3756
2873
7267
248
11169
84132
10869
51327
79363
10534
84067
27229
10302
51421
11007
51138
56159
22981
3866
1468
7360
9491
4234
2702
1412
6820
9319
51171
22978
71
443
9747
4184
153733
5706
51324
23281
358
5631
79050
10569
1819
55613
2670
55308
11170
112869
1153
30008
7447
8092
10087
220134
9883
55122
9721
11030
10219
10513
2592
79027
51224
445
10982
11267
8436
51760
29925
3927
8379
7005
11052
3705
23549
56906
79734
51545
3241
2553
79094
10127
10606
5129
2202
83755
78992
1854
25844
2752
2495
5125
81628
2009
3983
3707
25888
10363
9265
56243
27130
7746
7918
65989
9055
51074
84864
54550
5013
55888
55813
26749
5991
9363
1406
22827
5152
3589
11063
10313
1635
26511
10588
55285
183
9744
11180
6234
57402
4115
84528
3537
386618
7318
3251
10495
54906
85007
95
1527
7753
51375
3087
9832
1731
5973
9729
3880
54474
80817
8715
220082
7278
327
55916
216
27232
3612
2941
56658
3887
4598
677
27316
5995
283518
196383
51364
3853
84245
79571
26061
5805
10282
246329
29911
27342
8859
7920
57827
534
9873
23059
28986
23475
64769
54925
8241
10069
9189
55663
4637
2947
5257
8382
23099
23641
56474
3854
54458
29085
116225
56952
5090
79173
3216
55093
54033
2307
80764
293
93487
55726
3099
5721
26071
11228
9694
58516
1725
84313
54507
55684
6924
10126
9779
1102
27111
7257
4302
7518
5780
79637
8227
79912
1781
8623
1312
54927
84680
55758
55068
6999
27095
79873
5866
84970
89885
65220
170082
10743
26128
4034
9814
3306
2563
3021
8572
80028
11067
8341
113675
22893
11040
11117
79801
8468
51440
22934
25816
23214
3434
6431
57820
55209
50619
3507
56341
1198
9726
2577
7579
10430
222389
362
6297
3433
55322
51157
57333
26505
11145
2762
9470
4698
11158
54974
5859
55698
57326
7135
51361
5990
4354
83640
5372
6944
85359
85302
7314
55565
8697
66036
7429
25876
6231
11275
23283
4520
11020
79088
113878
9413
60313
84224
5211
7755
11277
84872
26525
810
54976
80308
2001
84705
6208
7004
9140
55722
10922
1525
29082
151871
55906
2954
25900
55011
29922
463
55233
7597
1071
583
7458
55619
4267
29950
9139
10591
25980
9871
56911
51282
8574
57097
22977
23582
7775
51444
26276
6990
1048
26207
55231
164127
2882
6120
11135
55191
4111
51389
10946
83988
57088
10742
1995
9356
1996
1491
23321
84445
57573
6396
115362
9925
1032
29107
2582
6652
9825
7851
91056
5276
3437
9502
6291
11316
54778
8481
5225
60468
26108
55236
1435
3918
1448
79004
23765
2056
51585
1201
131118
10600
5506
56257
23024
112483
8729
9896
55697
26130
10067
5134
10217
79654
3162
28977
64968
4627
266812
80145
4817
4860
5034
5047
56144
79902
9141
10081
9131
57664
23420
5481
5498
5669
5699
5717
5741
81890
9921
6146
6168
57050
10807
5272
6470
257218
51295
6745
8614
9238
7024
28620
9343
83549
55339
9839
7568
170961
8553
79137
10574
1070
55186
79641
54810
2819
9446
3910
55646
6182
6183
9061
5464
5678
10181
6227
6230
6638
64699
7140
84878
51319
10383
81873
56647
2744
7072
974
10749
3595
5789
3832
5367
10775
51291
29765
6423
2149
2355
79370
25929
1139
7975
4004
58513
3267
1006
114790
10945
8540
10920
5791
3615
23336
4744
6768
10810
8178
10992
10369
55290
53371
4093
8200
392255
7404
8546
51226
2719
4610
3909
6558
2919
2731
56478
64064
27347
51639
9570
9965
950
5657
2219
55835
2734
2767
11168
845
7039
6643
8723
3593
3842
2069
3843
4146
135112
9862
4659
6604
64919
10294
6830
8487
3239
4776
23175
84911
823
256646
221656
54904
28989
285440
2931
9652
4763
25836
83983
50804
57520
51200
11016
255488
125997
4821
51070
79711
8520
80063
84875
11329
5315
8925
53335
57379
144717
150368
220972
57659
55352
23253
64344
6528
9209
27005
9149
23314
22897
29079
56731
55170
51773
4799
157570
339287
10943
10732
2115
54014
3291
23132
57504
128674
255877
347733
3651
10196
84458
5763
23378
2021
342371
134353
9569
391104
57092
114879
51111
10553
8846
170261
55651
3050
5081
56259
26121
9975
54108
2145
22909
414899
140465
378708
201254
9959
79915
80010
4863
3070
55791
55893
23394
4946
5692
63035
79447
6121
9631
4879
22878
80006
51693
114884
57695
1762
10208
54532
9924
8266
391627
9929
84669
85015
25862
84101
220594
84749
54726
220213
55593
114883
84640
11274
10713
124739
9097
23035
126119
57559
51633
83844
84196
79008
79871
202559
26015
11321
171568
8491
10914
9792
8507
10324
284058
55038
57167
63976
5977
7767
56848
8720
79923
9557
6736
30009
3714
51130
7142
55245
6668
1129
23608
1053
1761
1993
1998
2016
2018
2118
2305
3005
3068
3131
3171
3200
3225
3227
3229
3232
3233
3235
3431
4007
4010
4212
5083
5316
6474
6756
6758
6759
6932
7021
7089
7544
7571
7592
7621
7696
7728
7752
7769
7988
8216
8970
9079
9214
9443
9669
9678
9935
10214
10260
10346
10481
10773
10793
11036
11108
11179
22890
23338
23648
23660
26009
26145
26287
26508
30012
30834
51616
55628
57057
57727
57801
60529
79722
79842
84105
84525
84684
89870
91612
130557
146434
162655
201516
246175
252884
284312
54887
6938
1489
8335
3018
9768
7629
7555
55904
11107
8030
83903
5017
64092
79697
81887
64756
3561
157638
3978
1801
8788
56913
29071
7844
10717
9179
9677
8724
128240
138474
8728
80727
94015
6187
54442
51422
53632
23746
2792
2793
2788
23404
51010
11340
51082
54535
25841
55128
26233
2322
55749
285671
55008
8916
246330
6596
54894
9253
8425
22809
9891
1158
56970
29851
22881
2733
54941
51257
161742
10252
10251
200734
5532
2821
57161
51256
51255
79840
9441
55090
784
54957
388324
9712
201176
26824
81929
348995
79023
10393
9686
5650
8218
80790
10577
80746
79042
283989
116461
221692
254887
282991
388552
63915
55330
10940
51367
79897
54913
10557
25884
60482
115557
4536
25839
91949
9382
22796
54933
23617
60385
54840
22883
54922
53407
9183
3768
25960
25928
8825
55327
222643
6324
9439
7763
10095
55070
8927
51719
8609
81545
1318
51024
138429
116113
201294
57405
90627
26085
6748
81669
7296
23301
360
388677
64215
25977
55707
10640
6833
9699
55035
51388
7781
5202
144455
8796
3998
1009
9765
144715
84817
23424
3798
22866
476
22854
55966
27129
56160
10238
9501
8506
27063
8537
768
54869
64787
79574
57496
257313
323
144245
339403
9053
23370
23268
283208
64714
283455
400
245711
4345
58494
83700
29969
114902
6940
10021
51199
10855
59307
23208
8541
51106
7019
2876
5133
9108
9107
3786
56479
50512
55973
7417
4807
266747
27031
2935
58157
50861
638
5208
838
94241
8685
57532
26999
140691
10763
5164
83985
160851
9806
5784
389692
27352
25920
4060
79980
25936
2044
6100
23164
65059
29113
10321
23235
57010
1974
80227
5719
373156
10289
8079
11334
4113
4163
3965
11156
8780
55501
1917
5445
51643
1777
1175
9526
49856
4795
57180
55969
1973
5924
22943
10295
51186
2222
79705
6238
23612
8840
23139
3382
51231
56475
5306
64834
9158
55256
4947
26517
10857
23178
10955
25778
56241
9475
8793
9689
4350
84630
26262
53918
11142
55041
55742
23012
26578
2622
8560
3795
3992
64284
203
471
80303
8526
80333
3354
11133
26001
9578
54821
10654
51657
54861
9732
23588
1607
7260
2029
79643
27148
55909
64425
56925
8634
4521
7268
259173
5971
4105
80025
29915
8215
1001
5923
430
7469
55201
2968
404663
9360
23254
22885
57222
220164
8352
375686
79661
777
56926
387082
114990
79720
9931
10849
404672
25780
1820
55561
29123
167838
30846
6342
91746
54715
23287
127002
23152
3304
54039
57060
26278
2395
23246
23481
4139
51143
55509
1994
57221
55689
150
259249
6915
200030
8787
401190
23368
54800
23759
84312
63894
27072
23770
5142
8844
55297
84248
7919
3300
79155
29890
29775
83932
729873
10916
7216
27248
27230
57082
30851
551
25988
51126
9545
55054
64121
58528
4154
59345
9047
23532
55602
9024
7317
197370
54780
493861
283106
286053
11009
83892
4810
6184
56978
359948
10040
81606
91147
10953
57692
65975
829
1014
51552
1421
283807
4289
54994
64795
10296
1431
55658
23348
26958
79982
114815
1890
79400
6530
60684
58485
100128327
51399
126003
79090
122553
83696
51112
7109
55288
25974
26226
23194
5577
54471
55275
738
6293
51542
8935
1891
114928
51645
9823
9842
2661
7582
148362
2535
27246
4594
166785
92597
5548
79694
10178
4059
4850
56155
23166
92345
200845
123
439
25851
312
23192
55521
26273
25999
3094
79594
57407
9988
5714
10397
84987
55744
55795
346171
29781
11155
23310
55166
401541
10467
55854
81532
115752
200185
64328
25805
4697
1536
23400
51154
112939
64006
9776
284451
3008
375757
119392
51744
51447
261734
10475
177
23552
1411
6440
5694
5654
201562
1119
51390
338567
9943
26051
6191
5645
400961
122769
9684
79016
51271
100462977
84675
51283
254225
9947
1485
211
26046
221687
26091
440738
64100
116143
55576
64786
90865
2643
79650
6553
126308
148932
162494
6319
55768
55083
51761
9741
55353
4943
26260
7022
199990
23022
84261
23403
29904
26036
93611
65266
65268
899
22836
3363
5768
93082
54982
7126
6683
122809
64506
6468
91319
7784
10461
114548
55655
147945
81550
154810
25852
9516
79872
5698
4117
1161
3920
5265
55466
1155
7051
23221
5289
254170
51434
79699
10444
9401
54344
4607
116138
51665
10966
55251
9352
84133
159195
23392
287
1362
283638
26057
150946
158399
11330
26586
115290
92335
8994
126374
4026
283871
10642
56955
55124
113452
3362
8449
774
128866
25978
92421
23020
9416
2790
55970
6462
22906
64223
112401
259266
3752
57628
140880
84376
64412
23224
25827
808
22858
92999
641700
199713
91662
8504
51122
54939
28991
170622
149951
51397
29099
115650
284252
2967
79586
22908
55527
5734
3755
89122
10172
6738
22889
5546
445341
3061
10286
153769
27436
51479
9559
30819
25814
3500
342931
53840
23087
57124
10202
10865
57626
57187
8563
2492
344558
8912
548593
23157
49854
7541
23704
399664
493829
22980
23471
8786
2000
11137
2784
5082
162699
30820
339967
23352
50615
55884
3744
7141
146956
23373
55827
23551
7495
170850
55213
84206
92312
51320
84231
27012
10465
84292
55814
92140
55249
4750
79035
64859
58493
51503
9312
93107
6674
338382
7699
7692
7405
134492
16
526
5695
143471
498
4143
1537
55703
58517
51382
5230
55226
4927
4728
989
9868
51602
51493
83658
221613
9782
6224
84365
2617
11222
23195
4522
7311
1738
6136
353
10056
1665
55860
55794
525
51069
3295
790
6430
506
27349
55705
1938
10802
226
7284
1355
292
1783
9188
3841
22907
2181
3305
5250
3849
50
55781
84790
25813
56902
8321
523
55833
10269
38
10627
140801
1509
22985
11034
55573
133686
4343
4736
6137
6139
6141
6144
6152
6156
6130
6132
22913
116540
220717
9045
6217
57466
140576
140809
9380
5690
79590
5019
6428
79178
7064
84321
55621
10552
10097
10535
6122
79621
6160
6223
6209
65003
6143
6389
10025
11196
9801
10772
85451
115708
51119
113246
10768
65260
8896
9904
54534
10428
80018
64928
9136
6390
57794
10240
10447
4774
92399
27341
4726
219988
10137
122704
5939
6161
5538
254863
84418
7001
55183
4722
9525
56954
79228
92609
9736
28998
9026
6202
3013
53938
93144
26589
65005
55177
7298
9987
55752
4358
10102
2590
6817
6627
8942
57721
55720
26227
10147
23530
29088
51060
8270
51110
342538
4723
84303
50809
51142
84311
60488
27340
81855
191
10531
51253
55665
23212
9374
53
10232
64983
196463
4632
3185
11194
51133
29919
91137
54439
23170
9554
79665
644619
57103
1650
7381
1606
29937
2319
10644
201255
55631
5198
3327
255308
5756
28957
112464
27158
55847
3157
54148
64976
375791
1723
51
5476
11031
117246
5689
641371
8621
6169
10985
6205
115416
57129
4363
11325
5937
26355
55148
170506
3850
1627
25915
6560
51637
8904
9520
1654
3936
11083
10959
6228
1939
55775
1659
6222
283459
285175
57698
10484
39
23603
55604
89941
8943
3861
4724
84842
79074
79612
28976
29886
93380
26240
115353
740
9997
64005
64969
80745
23258
6150
10523
29855
28981
2975
9052
29968
83443
9785
10949
54948
7386
6210
8635
55234
57508
6897
84172
5693
81605
22826
94081
23030
4713
64062
5496
4236
58477
391634
730211
80262
60678
144402
55915
23583
10058
29093
1729
84993
57410
9789
84061
8886
23386
55623
55898
6155
51202
81627
64757
5256
55856
51021
94005
252839
1609
5358
26007
5691
29952
51755
81892
23456
4201
51116
10042
10130
10972
81567
1374
220988
6651
4141
4357
23344
55815
81706
7371
1889
4719
51647
8531
6307
6193
7171
113174
51520
55094
54543
28973
6206
978
64779
64963
3310
84844
26520
10449
387680
6175
8544
54505
80777
57019
9167
1373
3032
1075
4277
1503
521
57647
10525
2618
83481
5954
8539
5935
64975
57409
2348
8790
55178
221294
79026
51258
23165
9991
22824
10643
10101
157378
535
54788
283237
5255
2794
26595
9662
79811
7342
55131
5379
90550
440
10476
84722
5480
56886
3912
10312
10409
57175
79033
55135
81611
64901
494143
4134
81608
6697
11159
79691
5936
91408
10493
3030
84545
1073
5303
10283
266971
79054
159
826
25782
54662
27333
3188
10694
27020
51474
790955
3323
56945
30
11282
4720
2739
26037
909
5955
80775
3419
4864
51340
64207
8872
57470
84747
8604
4712
80315
6727
10061
3421
5589
89953
63979
440915
128308
65992
9777
6194
22821
7073
1757
26127
4259
79171
100037417
51371
4710
8562
51804
25938
8939
10544
7127
26156
58155
112849
23193
50485
23264
4907
221092
204
25930
178
80142
487
4704
5214
5550
9698
3916
57488
100128525
55920
6229
92259
51028
1479
3704
2271
26499
4548
125988
56912
25932
8602
79869
79882
22921
91942
51605
2530
9761
389677
79066
22949
160287
79002
219
27089
128989
23708
197
781
10483
7915
9818
1265
10209
8019
120114
9879
84146
155435
118980
129285
121457
5297
10245
25828
91748
64792
144983
83660
1209
29907
1727
57479
54517
55100
114049
9168
55075
84326
160518
79961
4884
81037
79613
2191
9130
25917
515
4629
539
79670
23262
2027
343069
23499
6510
8882
55229
26284
87178
27288
908
230
54443
5696
23234
55622
10598
158
83442
4682
10165
64210
9203
56681
6451
51182
91893
113146
23219
7419
5709
10078
5814
55133
522
25989
11258
2098
84946
645
3226
10314
5832
84916
29780
1329
112487
4711
29796
4716
81572
83939
8193
81027
57515
55110
337867
11311
55599
80323
402643
10478
10575
56521
27430
7388
51692
6902
654483
221184
4677
8407
51649
55790
10011
51095
231
83699
81502
57707
5373
23534
23039
51071
149041
134510
9162
222229
23318
3003
283
9886
4130
26092
54874
23381
23293
7227
8624
115704
9910
54478
64857
4633
91526
23677
92521
55012
92565
2150
83987
223082
84937
55975
1718
286827
4038
55022
54998
84461
23513
26235
4855
80329
135892
23001
83605
7023
7690
3141
445329
54760
51103
8358
79019
55839
89891
9856
8567
5362
23145
9882
23129
23223
1951
221981
20
57453
5365
57571
57670
80731
84466
8839
79918
390594
3214
6769
90353
79959
80184
10626
26054
5326
58164
8284
23220
140685
27351
3221
83439
127544
28882
140459
140460
142689
83734
23130
84938
60673
10645
79443
2631
84078
23008
22863
5286
53917
23637
11152
55062
84909
25777
11201
339976
3428
85365
136991
55165
155382
59350
51289
85300
51439
7299
51669
64393
27164
54737
55691
23621
171024
25950
80263
100129777
128312
84193
57514
166824
2195
8361
9373
60485
57690
84717
84939
57804
84296
9837
5426
2569
146691
171558
2051
57048
3009
493856
22872
727764
8294
2205
10748
163882
54206
162239
9927
5105
9657
51499
5333
286514
266740
4102
51438
115548
4826
23210
29998
56916
782
8416
54536
255919
55696
92211
8842
917
132625
404281
949
154664
11123
10468
23109
155465
54930
79441
115106
55142
23354
55559
93323
54801
121441
11077
79884
1018
334
50852
283349
1301
54620
26871
3581
64061
100124700
100048912
26122
51780
92815
84699
6164
51129
25939
51156
51230
116369
284695
5132
146059
245972
8074
79727
92799
221150
348235
147841
64411
8110
257364
84251
3985
201501
10336
84333
80012
23466
373073
79754
387103
26249
5346
495
136371
23305
1215
58488
51099
57650
57104
29956
5176
146
55930
54960
501
636
378
11151
55753
5106
54776
79710
8646
6203
654364
3563
57118
57172
51014
229
713
127687
219348
10541
51094
496
55876
4129
80339
56033
56905
3096
81579
137872
8273
51248
116519
533
137964
128821
2730
10319
80712
26063
66002
517
54882
1586
55664
55578
8817
2346
84975
51527
80864
27018
79053
283600
11202
27071
12
24144
3811
60343
117248
9507
27120
23632
51661
64838
55908
57823
64581
8706
51303
26291
10446
56172
9547
51293
147372
26470
51162
2845
222546
8443
8760
64098
84284
57136
84830
64771
63908
5004
5005
50808
84300
2214
83464
57551
56006
64333
9887
9248
1040
219771
29115
79837
7551
55422
199777
4015
3957
94274
2354
3694
115509
56947
5393
5394
1559
10207
3485
10811
11001
9536
3931
9774
2053
90624
125150
126074
25925
8529
1579
2878
2264
55164
388585
582
55212
26012
6608
3004
246184
26206
892
2999
9969
65981
22918
23371
79827
29126
11119
79908
11126
131450
100131439
4680
90952
83417
50863
152404
81607
4045
196264
257194
5673
27181
201633
2729
10950
5653
54806
7029
8870
241
1511
9132
1039
196513
80153
146845
5729
11251
221895
137735
84448
676
10076
23093
8555
343521
220004
151742
5551
55108
54629
79608
80206
84335
81557
64110
4112
90523
81788
55037
25909
146310
2357
6751
135138
1456
55861
2639
56676
25959
84305
55421
51334
84081
79733
342527
57606
7881
348825
254268
51123
9371
55303
128061
10827
65997
85480
91272
84969
55319
9550
55228
140597
2257
222171
653784
83707
56941
65008
100505540
84310
3801
79864
57471
142940
374403
127795
23126
51372
29995
143884
118813
9205
55082
138199
22998
1059
158511
79745
151649
51491
148252
10123
65117
57696
84681
257169
51533
91574
6660
84934
4957
3098
79048
5128
10744
79969
29920
285172
79169
339512
7866
54897
55379
79739
4939
9397
2037
51204
24142
10455
404220
112812
64981
6953
84726
4636
84851
91050
152877
9702
27037
30968
8495
60370
3053
28987
130535
92092
51759
51101
200765
23313
63932
54440
1397
55617
55144
26017
91608
51285
79762
64708
55345
64951
51265
57669
84654
26692
27079
56987
2182
84154
84777
91894
55850
8342
64097
284273
83478
9201
57595
10814
2584
7090
5149
84706
57182
2117
9060
92170
10120
139067
9567
57704
133619
55510
25873
6954
84632
119
60682
6171
124995
53349
22891
64799
55252
22862
9196
114885
541472
25953
80820
113251
55168
9655
23179
56894
10573
83657
51056
23
55156
51218
63935
84294
140545
83853
127396
7274
54065
55132
57645
3033
89882
80301
7570
6903
9957
150209
554236
51318
54462
29080
7549
57862
57035
3047
414918
257415
160492
1339
10767
64763
84057
11278
8659
55323
23259
54986
51105
146705
29889
1114
55268
375260
56931
80763
160777
84320
51203
51473
51406
134637
169611
203286
84290
55862
56342
84080
9915
79698
27238
10671
54739
79629
3600
353513
84317
23623
64591
80724
8823
80071
221711
47
374659
283748
222166
80111
28971
442523
51018
51574
283337
55346
79656
55907
78994
79800
57179
254896
440556
83856
8233
117245
2620
8645
3145
60686
137994
146225
10110
10929
23119
132851
196441
254295
29
63941
83879
51078
65979
401068
79175
162333
3898
347273
54934
79149
3158
554207
23061
51538
10686
83451
93349
445347
26070
4151
55138
3338
2491
90381
51550
7584
29767
64927
1666
3029
23213
57678
1662
221960
135656
257629
199221
167359
6541
4837
5533
54734
260429
5636
221443
3833
440193
200172
79632
83608
159686
55340
22932
83595
139105
54707
65244
114792
165100
55841
55798
6167
25875
84309
91647
79640
84832
64850
23786
55924
151188
79639
11309
10344
26025
92935
79887
51441
201725
203328
51264
64073
80823
79858
79666
55801
285313
3223
10842
10439
79165
4013
158584
6251
2780
11257
23743
26097
26659
142937
8214
4707
83786
285315
155038
27245
1632
80896
54494
151647
341032
56986
2940
24140
11066
64419
23580
284802
126789
219833
8807
4693
140699
116987
55852
254427
4336
4857
200424
56829
219983
403312
9623
401505
124411
3045
10261
64802
440452
286343
55778
83759
27201
51601
192286
145645
285203
317772
389119
5008
10367
6123
9468
10237
166336
58191
25911
79958
135114
170062
80210
79618
347918
57464
54814
27296
54946
56853
84077
10464
339122
6948
2557
57107
55699
4976
7139
57456
138065
146722
55863
84266
22848
2299
114793
83706
10352
8209
3955
1288
339184
10242
127428
3620
55052
4477
55036
56270
283229
10880
3574
6818
51239
148523
83873
94239
126248
1082
123920
131601
405754
94101
157556
123263
9514
50945
51314
27292
79712
54884
255027
172
64577
56683
285600
112609
1404
84254
257203
653145
8394
140730
2543
84892
1671
5098
64781
374666
79140
90203
10578
56141
84947
6472
8689
7172
27042
9399
348487
83606
147685
23151
5238
2109
81035
56097
23682
84542
8613
23057
80207
124599
10653
83448
136895
127540
64168
5967
161931
133690
80094
1395
9576
25837
6357
10
91010
7434
7586
53343
3467
375341
112840
57593
121599
23630
91133
65982
55208
150383
9127
26330
57117
149563
444
55652
79805
27346
338692
83719
168090
127
220136
8293
128637
83861
8999
203260
343035
55757
10098
54495
2517
10776
83636
4351
79977
881
728194
140732
126282
49861
25926
83888
64428
79763
84812
2537
140902
54995
55810
55784
338094
79012
10939
200523
51031
84693
400569
622
8933
3633
84298
127602
51150
2797
89796
10328
27075
4321
130916
5412
25979
11317
84868
28970
158038
80319
115123
9364
23205
63904
10402
55732
161247
4668
116224
9022
55625
56269
64760
9764
84286
25923
54961
493753
80256
90768
5207
79672
84293
4919
284366
84522
10809
9911
10330
10586
79180
55812
55172
3814
79411
7092
420
64770
79828
54097
8926
51300
10736
66005
79017
10620
54959
10201
51181
93627
122651
93408
5042
59353
284076
285282
84190
554223
3630
3080
255394
7627
11154
26503
57687
51001
165631
54361
113201
284680
2835
161514
152195
10072
90843
54872
54575
5740
29083
55471
3268
404203
7984
55026
2206
3449
83732
4440
57404
339416
54981
10368
91775
10866
84129
55347
207063
97
80017
346606
202459
386675
55163
51195
55332
79823
10881
3248
26286
84932
5165
883
5029
375307
91107
203228
124404
474344
132299
4709
64853
84735
85458
10682
54407
286257
10562
57486
374
51250
221786
79777
10290
28951
146852
132228
51642
57110
3442
93099
64417
161835
11326
51374
3445
90871
27163
11190
51501
27231
54830
139135
79692
255762
3766
7809
400120
54463
286006
255119
84720
9976
56951
92703
54581
23566
284440
1470
1327
92346
51027
79568
2123
2050
5173
163778
79847
51365
440248
161003
79158
347862
254827
285464
1558
24138
84171
22983
163590
79602
2193
80705
80311
80273
375484
55669
23011
27022
608
84991
23350
57461
9716
84811
51634
151903
51428
57703
51362
2483
8220
91603
7756
55109
85313
29896
9829
11017
151613
7737
55692
219743
269
5681
4293
84315
22879
10135
4535
10410
84166
57580
80243
64852
54820
255738
57472
1576
4544
146057
121268
283987
84861
9595
54551
1544
1571
1548
9546
79176
5793
55603
57473
54732
80352
788
5827
26748
9919
8761
126208
8971
1068
57654
55125
51435
2915
92342
196483
653333
254013
151194
25895
196541
79609
79091
124512
64599
90850
150094
8987
8828
5739
10257
81609
7855
153527
170626
90693
84691
55016
25906
23358
139562
123879
23142
84259
91947
2055
124790
8287
55175
9948
9819
79001
57799
2692
4056
3991
60528
800
28952
201456
9870
8742
23209
9370
10730
92675
100128731
57026
10396
5205
23250
23200
286410
8189
57511
6003
3990
5406
28984
126626
1203
203076
115948
171482
79807
54676
54758
266553
154075
415117
124359
387357
64147
4938
50999
57644
11101
55668
152273
80818
65251
93474
4332
125050
65263
57594
284001
5630
51808
221037
1636
89849
50964
8325
3149
28969
29103
57325
79065
219699
55704
51213
79968
140456
26263
7871
23243
51379
85440
84859
4512
9922
5662
79143
171546
9388
22994
55031
8398
284654
340719
339345
342977
56851
23065
55831
57544
414301
88455
54596
25831
57093
55084
122011
5494
54103
9625
23031
5616
55681
6725
10221
116228
54509
8050
1044
79776
4534
23064
79680
84072
84446
151254
254187
283471
285753
342667
100132979
23255
80149
8929
9750
399473
2823
4330
124944
57798
283489
9857
643
642273
4017
6491
84971
8774
134430
54870
58476
64844
147138
8913
10817
9781
5641
2230
91875
51008
55325
6658
6656
14
15
28
98
141
221
250
271
318
366
516
528
570
577
631
644
685
706
744
754
755
759
765
786
822
874
887
946
956
957
969
1038
1046
1106
1146
1178
1180
1278
1296
1311
1351
1375
1413
1418
1447
1469
1522
1534
1543
1610
1645
1802
1806
1962
2012
2166
2168
2169
2170
2184
2208
2303
2519
2591
2668
2686
2695
2766
2815
2832
2848
2912
2937
2939
2949
2993
2994
3040
3049
3067
3081
3111
3140
3177
3215
3351
3386
3535
3613
3623
3788
3796
3846
3851
3860
3881
90011
90121
90133
90407
90410
90589
90594
90799
90874
90957
90993
91289
91369
91523
91582
91687
91694
91703
92689
92840
92906
93100
93233
93426
94039
112802
114569
114757
114824
114932
114971
115817
116173
116328
116349
116835
116841
117144
117177
117286
118738
118812
119391
120379
122183
122786
123722
124460
124935
125058
125115
125919
126070
126375
126868
128439
128977
129303
129831
129880
130162
130560
130827
130951
131377
132158
134701
136051
137196
137209
137886
138428
139628
139793
140258
140606
140885
143241
143684
145282
145946
146279
146439
146540
146664
146760
146894
147007
147339
147525
147660
147686
147687
147744
147872
148254
149420
150483
152007
152815
153328
153684
154313
154865
155054
155060
158067
158297
158405
159163
159989
160065
162967
162968
162993
163050
163059
163071
163081
163183
164592
166793
166979
167691
168417
169841
170954
171483
196051
196472
196477
197320
199834
200261
203054
219854
220108
220965
221472
221504
222255
253461
256130
256281
280664
283551
283576
284297
284390
284391
284418
284904
285205
285367
285533
285672
285679
286075
287015
326343
337880
337960
339366
340359
340419
340542
342945
348174
353132
353139
353141
353144
353145
353323
353332
374355
374879
386676
386677
386678
386680
386681
386682
386684
387032
388818
391257
441212
652968
653316
2709
282809
81619
23555
340348
83882
23379
51750
256297
55754
22905
27291
607
283149
83695
4604
1763
84295
3884
3889
3892
3904
3954
4081
4107
4108
4118
4148
4241
4250
4253
4283
4355
4494
4507
4552
4625
4675
4759
4814
4815
4818
4924
4978
5025
5027
5031
5078
5089
5143
5203
5270
5332
5354
5375
5510
5535
5542
5620
5634
5639
5730
5733
5834
5837
5860
5940
6041
6157
6158
6166
6373
6374
6375
6603
6665
6691
6799
6822
6832
6846
6911
6913
7008
7045
7069
7104
7115
7120
7125
7148
7174
7289
7348
7355
7423
7481
7564
7566
7574
7580
7589
7620
7633
7639
7678
7681
7695
7697
7711
7730
7733
7741
7766
7770
7773
7780
7857
8045
8131
8187
8326
8330
8368
8369
8403
8419
8424
8434
8438
8463
8514
8545
8618
8636
8687
8692
8712
8763
8803
8862
8934
9117
9123
9144
9145
9202
9247
9422
9447
9453
9462
9465
9473
653067
9521
9524
9630
9640
9674
9718
9724
9728
9753
79874
79068
9615
2799
5184
92483
6611
60681
646817
8348
11328
91039
79631
58490
30844
64175
51260
4125
11054
345651
4643
55239
126133
5471
987
6731
5139
51121
2805
28960
9601
83940
26099
8969
55748
2634
23140
11216
79784
11212
9805
2673
80324
5547
23277
115207
80755
10093
2224
6888
50626
4199
84262
60496
132789
2633
2342
55197
8565
56965
10007
3073
64855
728689
6905
210
84520
10785
54521
23041
51015
25864
51540
11260
84617
84955
23154
11332
5130
374354
26953
3035
5875
60314
201626
830
1968
56888
5558
116496
221937
254102
10556
5160
93587
7277
586
3913
26985
23198
29766
151011
9639
64759
10020
11080
7264
10799
79892
6235
6218
158471
5226
64746
51292
84936
10491
137107
56061
54878
26610
23753
1809
80155
34
445815
200014
8669
57614
59342
347688
1429
80086
728970
54585
221927
84301
55074
23042
27306
23387
152006
134111
5972
100287171
84870
343637
201475
5742
1128
9125
222235
146330
64839
7978
1241
8798
147746
8444
5596
26576
65061
8814
5891
23107
23428
26027
1565
51738
56413
1585
5737
3778
3779
290
1132
59272
4485
10800
57105
7547
83639
5168
1902
1056
9841
56919
286151
25893
1200
9235
85377
24145
29102
79899
6785
489
5438
22839
26094
54876
80067
23038
8816
25853
90379
55023
4513
205564
4257
64924
80218
64789
57565
55223
9788
22924
130617
115201
389421
131405
150084
8647
118429
140458
57574
142686
142685
127247
92591
401036
54675
1893
3601
1562
221409
10231
55506
93550
6512
4008
56940
55624
6582
4752
954
51131
57127
27283
4337
282679
4635
3700
80004
165215
55154
11056
51251
51523
84984
820
8086
283985
83953
80318
7922
3109
79087
51635
81889
116071
92400
10970
51302
1005
132
83401
57655
2843
8638
643382
2877
10871
11226
479
2642
11136
57568
11132
125
84002
136
2548
80772
166614
84281
8581
91614
2746
2710
514
1036
10384
51513
64902
55789
9583
2632
23102
27165
316
2045
130
23521
1841
968
8372
345
669
10555
54566
54883
416
54988
1747
79056
2879
27302
10247
90990
1577
79611
10057
51454
54069
122622
10983
11339
2302
4054
4514
1748
4889
4706
279
10164
64764
119710
2538
283971
90135
8704
27087
9719
8534
113
11131
390502
146223
1
368
35
124
268
218
923
762
1292
1353
1371
1573
1628
1644
1670
1852
9069
1949
9308
2920
64241
2180
23568
2531
2556
2867
2982
2998
3101
4047
3204
3242
3263
9486
3418
3492
3514
9442
4329
4499
4519
4539
4674
4708
5244
6358
563
79796
6364
6666
9855
9245
10112
51554
10180
2827
7179
2560
2742
6949
1593
3078
10960
10975
2813
11273
57406
728113
1528
23461
84913
84319
79684
22794
23131
23266
23443
23464
24146
25890
27350
28511
51700
64762
3549
80270
54467
79009
57149
57648
55336
57509
63951
50486
50487
50801
51599
51809
55025
84626
54812
54920
55216
80271
55536
57733
90355
57128
58189
84498
63946
6936
6821
80117
79812
84255
8639
8707
9535
10522
57143
51582
10678
10690
11072
113179
1798
113655
113763
120224
6713
130340
1595
150000
153241
158800
2134
197259
203197
286262
9696
24147
255520
55544
57834
27023
27074
64847
83540
56648
283820
285381
29105
388474
54905
55270
64841
84419
83591
92002
116448
246243
388323
117159
121053
140738
80758
57597
23683
339804
285237
285527
100101267
249
344
94235
10529
165904
129446
54931
2926
953
138151
124535
100506164
86614
26548
23639
51495
146862
26267
23252
90268
161725
92359
9528
84191
29035
93664
1007
23288
547
54893
64067
80224
5101
9783
153090
23241
65267
55079
10844
57674
9711
5224
55366
5261
105
23560
114818
79596
115098
23029
55341
201292
81501
84649
970
84282
5002
55819
23046
80019
118611
100271849
26223
2678
84619
63926
9411
651
63877
56673
80178
78995
388407
400566
162681
79000
128229
84066
149840
157773
91283
79635
348807
152185
90557
91409
79174
23181
161582
84337
81610
84656
730394
440093
22832
125113
3855
84456
150082
114823
431707
55329
25821
284565
4702
55106
84690
202051
10927
9901
374618
8834
54802
23548
155368
140612
129025
84449
147657
79230
126295
121274
58491
374899
221302
57037
223
79567
54859
51504
10687
100128588
8668
54187
2717
29926
63898
9748
6170
90459
10382
3614
55357
6730
79843
79098
414157
129807
115761
81932
221458
23564
125170
55049
130540
54932
137392
55224
81570
130940
115572
65999
84752
11167
6318
79664
22936
2331
9515
23300
57337
56203
9700
131566
93166
26298
51117
84274
6873
5557
26519
8802
25847
374291
112936
4705
25896
54815
2108
64785
92105
56339
3857
23332
23517
51081
219927
116541
55173
64432
3324
117
80014
140892
119504
84944
54790
80312
26053
257000
57661
55837
123283
54456
51575
11103
79954
10607
8566
9054
55161
10079
9317
51507
483
1103
23509
10157
10693
84553
11231
8801
27034
10279
167127
26275
84076
22989
4620
4619
4621
4622
4624
4626
54892
36
100526693
81888
51067
84364
23398
18
51144
91373
25963
64083
5232
29934
2171
2173
10632
23788
23171
57590
51603
8703
3071
57119
375033
23177
72
79073
90417
150274
23479
84896
257019
84978
83937
9182
644943
26038
54828
54221
81790
27180
89790
27036
54520
57020
85457
56938
6097
645121
148109
54363
9926
123355
4109
25886
152926
8460
10712
83957
55998
64091
57007
83942
30813
51329
2689
493869
196074
10205
150372
10761
84645
140
408029
23423
114908
1442
79848
81618
65987
26231
149986
11092
27166
5680
84268
80213
339965
55997
131177
3120
9653
3422
91734
100423062
84960
85016
256691
55777
124641
79057
377047
51233
79005
91057
79853
10490
124808
119467
51727
9077
566
55277
158521
144321
11012
11248
8228
83871
27303
284427
55092
378108
10099
133688
51118
118472
725
60492
56650
53405
51805
80011
7923
55554
131965
10412
140680
80346
83546
462
474343
25830
23353
79953
202134
143162
84064
3113
80216
1506
54967
64801
1948
284131
286336
10634
3052
55764
89978
54900
57408
27136
9
114898
4775
25961
5179
79660
10739
29916
79989
7390
51222
115560
84688
910
9350
78989
118881
11010
11249
162466
442247
343263
286530
25797
23439
57038
6424
84197
128153
6489
401285
84548
338917
58511
113115
222
3420
9840
3813
100507436
80298
54516
114299
29122
85481
245973
90507
6570
201305
170463
8577
79865
144097
63939
441476
125972
79714
84173
51307
129804
3294
419
54793
89884
79888
254394
79148
340156
51268
84725
56983
89778
55423
8869
80723
7480
389114
9210
2651
7107
56956
8513
23596
285180
65062
84283
64222
64149
55900
148156
85438
124583
55871
64431
163486
84766
151393
23245
3134
23122
1267
84957
51097
9962
7782
55032
6610
153443
57418
285268
158506
129080
133121
131583
114984
3742
441058
85366
5150
10633
344658
347735
54414
91151
158219
91689
401152
1142
54677
57171
9573
54328
389524
285242
126306
26468
64748
10150
64080
25956
29906
282974
84134
222008
8838
55311
147807
27159
6320
168002
83475
64174
138009
51614
54438
10052
53831
145873
348094
80320
84899
79861
115825
26090
54916
25966
150472
10225
285429
3671
9476
93183
89869
5671
144193
5267
6906
80975
25809
353174
200894
57693
54811
64377
33
317662
653404
5831
145226
5959
158234
256380
81034
9673
160140
256435
259287
26123
7350
79133
10327
54943
3257
1109
83795
54886
78999
90506
29880
91663
54956
93210
55344
79037
143686
79751
27173
27097
83862
83894
80761
112479
348013
2841
51360
758
124540
54852
55486
11285
80305
26995
51061
23584
116254
56934
770
27092
55610
64782
10668
1513
147015
84168
26157
23780
51451
85329
127495
4240
65258
143662
9934
10559
6484
81849
56670
117143
27348
11120
11118
160298
338872
81617
1515
53947
1101
79814
373863
654346
84306
55771
122945
84816
56256
126526
7111
79770
221477
126
26052
80013
2564
9293
57604
22915
10331
91543
866
51531
55630
6609
153657
51146
10161
79917
129401
81285
8702
64805
114771
112476
345062
79701
55964
93624
51270
84866
1266
84058
1519
10170
55040
55507
3236
51478
196403
83468
85865
384
27076
4114
3632
221154
10195
10875
65983
3696
79944
11026
10884
4642
285848
431705
9028
79102
25771
27285
80021
26140
144811
59271
205428
83539
66037
64793
254528
54785
2593
3293
84329
132141
55686
127281
55825
284716
115992
6327
135932
79041
7484
150275
9034
160428
162427
9938
253012
170572
23779
200879
375056
79730
83594
60506
94233
29948
7941
440503
83483
343068
285555
145389
51151
283537
6524
378807
29068
7567
171017
55584
54504
83716
10085
224
9812
113220
23276
26045
54531
151473
201798
203062
79744
147948
8532
260293
57001
55653
388611
1444
128822
126272
317649
170589
126393
94086
196294
414236
401067
51348
389812
339983
126006
54858
404216
440163
200916
26952
171169
132332
440955
162461
400673
116028
284067
339229
400798
200232
285668
340204
133
401251
441549
146822
130106
23601
25927
642843
283417
352954
401647
2987
3448
3440
670
27179
3933
130574
29991
8993
84647
51209
84334
221662
84659
6707
440026
57184
79626
387990
286753
286128
400591
284325
199675
440712
128344
284805
339669
348738
388969
344387
283635
9592
5502
55676
120939
10437
55374
753
79616
84823
27019
64446
6192
137868
132204
28755
90139
22884
51032
160364
1504
26577
142684
221421
6253
10590
114960
84307
51267
10695
145447
10554
51184
83445
221120
55745
9200
201299
10738
6547
100505741
55061
54952
11149
25770
389799
55531
283150
284161
3290
482
25818
54923
55195
112611
387914
81833
26228
56910
25806
90522
90273
9859
147463
345275
51072
4969
148479
10560
10166
89874
6819
51075
197335
133383
26084
79839
1775
285605
55286
53833
260294
123803
374768
51368
79583
139596
164684
84330
124626
10462
55313
51011
2267
2859
129450
3423
10005
27294
79930
340069
51571
6718
51573
9290
112817
142683
124149
55283
56656
26664
64063
50837
134285
221830
23144
114899
79025
80167
338657
55702
254158
81792
2255
65991
160897
134266
54518
84063
127255
80097
80023
118471
53340
554235
121793
55064
9071
116159
317749
84277
9949
389434
9766
80168
340277
161753
282808
399512
6834
90809
84524
57639
10584
80231
1774
81926
79187
83607
112937
8630
55600
26579
11162
26532
26248
338674
92106
27068
1388
9827
9851
9852
9889
9899
9936
9963
10268
10361
10385
10391
10443
10469
10597
10615
10629
10651
10667
10781
10794
10797
10879
10894
10904
10906
10948
10954
11070
11094
11185
11199
11270
11314
11341
22795
22864
23005
23034
23127
23143
23201
23270
23367
23438
23473
23500
23503
23609
23762
24139
25763
25796
25901
25924
25940
25983
26098
26152
100505879
26575
26984
27065
27124
27128
27132
27156
27237
27287
27297
27300
27315
27434
28793
28815
28978
29057
29124
29777
29785
29797
29994
51005
51042
51090
51134
51148
51187
51207
51228
51296
51309
51352
51522
51596
51686
51702
54432
54441
54502
54716
54754
54763
54784
54834
54855
54860
54865
54942
54954
54955
54970
55005
55006
55007
55034
55039
55069
55080
55086
55118
55127
55150
55204
55246
55273
55281
55337
55454
55505
55586
55616
55633
55739
55760
55773
55786
55793
55845
55859
56063
56122
56157
56204
56344
56477
56649
56675
56891
56898
56929
56935
56997
57146
57147
57176
57188
57213
57226
57335
57474
57624
57642
57673
57684
57730
58524
58526
58986
60490
60592
63027
63892
63940
63978
64093
64102
64184
64221
64396
64651
64744
64745
64753
64773
65009
65056
65243
65980
65985
65986
78996
79022
79038
79072
79078
79095
79156
79415
79446
79622
79642
79669
79673
79696
79792
79836
79863
79931
79986
79993
80108
80110
80135
80154
80221
80258
80317
80726
80742
80778
80830
80832
81539
81544
81629
81854
83446
83538
83541
83852
83896
83897
83899
84056
84069
84102
84167
84221
84260
84272
84285
84316
84340
84516
84527
84547
84696
84707
84807
84809
84873
84904
84905
84912
84914
84985
84996
85019
85280
100132476
85291
85293
85294
85376
87769
89765
89797
4881
3357
2906
51305
2838
84951
23237
150678
6401
43
55188
9497
246778
4061
64864
116449
56961
126669
285489
79949
58473
116362
85013
10100
128434
139170
79970
79142
89890
255061
84079
114769
3607
139599
10389
23014
64236
4046
114822
23279
22995
8339
57545
145508
23322
132320
4725
126328
3914
5097
81789
399687
80179
374654
64225
1212
51512
170302
57587
51026
55735
6734
90378
440145
93436
116840
54557
55362
81555
154141
9197
51496
9928
7942
56121
4741
51430
5099
55605
116115
57592
161424
8735
23285
114791
56652
81930
286077
26010
26148
126206
1181
197257
8690
7905
57169
54093
2245
81556
23515
54465
55719
347240
81831
23158
117283
9120
873
259282
169714
53916
84930
11232
55247
64321
55634
91368
56963
8492
11064
79600
200728
10136
100652748
114904
116442
118788
120534
124220
130502
134288
140688
145957
150771
153743
167826
201181
201895
220002
254122
256302
28227
283385
285622
285782
339044
339834
389741
404550
441521
4618
5349
63948
64778
81853
90423
27077
80776
54903
79867
9731
84902
134359
132884
284086
23317
79624
6813
100534599
3948
51673
91782
605
9275
101929876
6894
130589
490
9114
23787
513
54499
8879
6836
477
478
442038
339487
2588
10066
101060521
54963
388962
25962
84549
101930400
55276
51611
283742
55192
200205
7873
55612
55902
492
4124
5625
84267
137902
58478
8653
79031
57826
9945
80895
2875
100526767
387522
741
29114
83872
9361
22868
6747
8226
10652
84342
55210
27233
729238
50865
160418
1340
55756
6723
57446
10471
1496
100529261
79731
55661
9933
132321
112724
201595
64318
29901
54663
10199
23457
121642
51163
64794
51663
6992
8714
83858
10398
1979
25973
140838
5033
23233
10380
1770
150962
255101
63897
54969
54881
441531
55312
134218
2232
2953
653689
728340
10885
2052
79154
64895
54938
1376
390637
9104
95681
79716
64087
51128
23646
221264
55033
10961
25996
1622
644378
4482
54987
23070
29074
57560
23217
6576
54936
128239
1992
9277
23347
8731
6793
3888
81542
54862
2585
5096
51022
23389
10527
65095
51096
10753
81554
2820
64342
55717
23160
116931
54545
84135
23511
25902
55783
125061
393
124801
54940
131076
5095
125950
55020
283209
79709
23203
55695
51728
10622
8974
168400
5754
100885850
55187
54853
338321
23382
9967
55680
4685
389840
27127
55206
124245
221078
9942
85476
63931
9635
63875
65083
88745
9790
6838
26472
84263
90324
51115
126204
5305
729359
7837
22984
143244
25879
84836
56606
4669
5171
81573
54546
11319
1291
54542
129868
50862
92305
100170217
26064
56903
113457
85378
391356
6565
267010
26268
23527
677770
8708
57455
4617
494470
3347
58509
54977
115286
152559
340152
84085
130888
57558
345611
375298
9858
58480
57600
55867
54540
84219
54915
84923
2840
23329
9376
9619
64374
220441
143279
574031
406881
154214
8505
285231
121340
388591
2296
2298
2304
2294
399823
22887
55363
54756
26261
90586
2300
28992
8456
100132074
23307
94234
80816
169792
3199
143458
122481
54809
221908
23355
80173
92104
150737
23025
51098
55741
80267
2103
23383
3797
54468
9681
2250
59067
115727
256364
6247
375775
8549
2077
333932
9767
27154
28916
4547
2826
4123
4160
4886
10139
6568
3508
3759
7100
30811
6583
116085
10581
9683
91522
27443
23593
10516
1501
93663
23362
84249
81846
388228
2041
4528
121391
57524
79269
8334
10558
79841
613037
60487
56704
404093
84328
441478
140432
89970
130507
168433
8989
157313
7275
137529
11255
6007
8347
90987
440515
401024
2140
199746
22990
55589
389136
22865
9480
25800
59336
27439
2526
1953
6414
2824
1299
643535
55002
51286
8404
84709
57484
64777
114804
51136
56163
151112
1446
3097
2703
2700
151056
255928
3627
2971
7504
4589
50511
5570
23269
1259
1193
9950
4496
4495
333926
94025
3976
11153
392862
133746
9082
3017
9211
80328
1512
389015
54978
84273
29062
147791
8910
6039
57549
54857
7542
11161
9890
84966
26289
57519
84060
6092
3703
23539
114785
27190
6483
149483
23585
79939
51751
53904
4649
51714
56927
51252
51660
79803
339230
57540
57562
131408
4731
221955
64403
57622
55638
84065
26960
22911
64582
23231
220869
6702
6511
55937
51168
116983
9600
57605
2160
3213
3234
3237
1903
2849
2667
5199
552
553
10677
1463
84287
284
81494
116379
646
1258
3765
2676
9498
2694
1113
149233
733
732
730
51378
4583
56667
4586
654
4069
5368
3709
134957
2488
1471
2207
10125
375790
8263
5304
225
10060
3680
2817
4829
2720
6869
6870
5324
85441
3645
3112
55437
63923
717
6363
116443
2258
83874
54681
5277
3489
2201
4640
54704
57546
3687
1520
6018
134728
1285
8120
122042
3557
58512
8759
2641
84922
6328
346562
91419
10272
53369
57338
5697
2520
4922
2796
7432
29841
7087
2217
64096
57576
169522
5009
56882
56990
2905
2995
3484
49
8519
3952
5569
8192
4880
83756
30062
3823
5619
3764
114897
285
5274
8190
171425
5167
5284
23529
9992
10068
337
11227
1675
7136
7054
2220
6361
6343
3497
58497
4161
4159
5956
7369
3250
10741
130872
6355
51475
140807
8938
576
22828
1945
9087
8941
10309
6407
4256
11018
51705
3491
6754
6750
6779
3346
1557
3908
6288
23225
4761
11045
8224
6323
64641
253738
4974
4902
342184
11082
8875
7145
361
85464
5950
23437
23185
8292
283869
256933
9122
6566
25825
5161
285971
255758
55558
81533
11253
26230
125144
199731
79738
151230
8427
51088
163033
147808
80150
23148
84467
23446
54437
93109
955
10974
51380
1474
57662
5210
1667
7694
2863
57106
84275
9310
1428
90007
154661
5153
57533
9742
114800
81794
64423
79724
26022
1850
56975
389549
8340
65993
166647
1952
80381
374383
341640
55750
54805
79633
8642
408050
64881
56105
10390
25994
58472
7675
9617
1773
253143
51807
23141
29895
51278
389396
643253
124997
83447
56165
3010
383
8360
8362
8363
8365
8366
8367
554313
151516
144501
79983
319101
196374
2312
162605
353288
3859
7053
89777
728378
445582
23597
27440
326625
118487
4200
51335
5442
64960
51373
54460
387338
26024
83733
79896
80222
81689
1629
360227
390937
729727
119358
3007
10688
25833
10224
64761
114876
51384
2846
9517
116337
64478
57539
90655
10609
103910
4634
253650
5948
283373
203522
55656
203245
449520
93377
23576
49855
1795
91624
114294
139818
1657
7012
56246
23040
23506
150726
149473
64430
400322
401145
9902
7565
10520
7644
4580
85459
55196
23384
165
56265
9509
54059
7108
8455
284014
51316
51246
54058
54149
1337
10780
3697
57577
55149
27143
84898
64848
85463
60493
91404
9907
54796
27069
152518
91304
23516
23002
64943
83955
23556
9375
56889
29980
260434
391723
26980
57572
7798
255426
221823
140733
6899
222194
340533
221400
253959
80139
57569
3712
84247
94104
9172
9665
79856
1539
84000
339970
3493
253943
23376
130576
55529
304
134147
25790
3899
9289
8785
124152
168451
51706
1717
10129
55116
57494
51297
25807
79879
79877
3038
83986
25840
10548
143879
83787
113828
653269
729540
90864
3212
9324
10957
4135
80332
51232
1954
4745
4753
58504
374650
57467
84530
22859
63905
5046
23504
7102
353355
55015
221002
56164
131890
51193
5260
25948
254065
5122
63929
158078
54929
27253
26031
30849
55095
55103
57679
28940
55119
80851
101290500
284114
23216
90956
222658
140710
29944
10901
6525
4285
66000
100289635
91355
63874
117166
51490
56849
84795
55152
221545
51124
84942
1287
90861
6703
22993
56261
55112
170959
148413
1302
55088
9650
51237
26164
79891
9875
1012
339175
10311
4245
10715
5100
63934
54914
114044
1672
254251
124925
148741
10897
8320
26112
114
10198
399909
9644
728489
56980
2221
51304
202333
23101
80055
84109
165082
3963
140909
79831
80199
541468
11147
256369
23484
84888
84628
54937
92595
85465
57715
286451
81875
474354
57126
55199
55632
55342
8357
92070
2030
55890
9552
518
92667
100131997
283238
54826
284352
4542
55266
85027
115265
494514
84767
79741
114327
59277
414061
143379
23174
201965
169966
64115
164312
135927
196549
8355
285596
7288
146849
51668
84775
118426
51244
25941
326624
51016
9877
81029
84457
51266
55713
387923
84332
130013
89866
119369
79870
64283
80209
339479
81671
349114
221241
57498
1088
6023
8140
1524
926
6692
170591
56034
2253
776
63973
343477
402569
151507
8336
286436
389058
8354
8356
8968
10215
1417
51816
100310785
3012
51174
284412
64925
79758
376497
2774
3494
3885
3886
3890
3891
4340
6388
8406
9204
9581
9648
10973
11097
22798
23078
23275
23331
25871
25904
26608
28908
51806
54868
54958
54989
55176
55607
57563
64359
83752
84128
84926
84954
94107
94160
114781
119559
124044
125228
126638
131578
143098
144100
159090
164832
338785
339799
340784
344382
373856
374454
387119
389856
391123
392197
440587
442227
552889
114880
696
285190
57636
414153
440563
10151
79693
341333
163859
57631
389898
91607
388697
644890
400966
4033
4509
4538
4540
4820
7701
8476
8671
22837
22850
22874
23108
23242
25758
25957
25984
26153
29066
51306
55552
55769
55892
57536
64397
64784
64926
65250
84218
84451
84952
89781
89795
112942
115703
158358
162966
205717
10071
219790
283234
57701
344148
404734
642658
338322
64094
126299
3868
723790
644914
7596
168374
64288
7738
10473
163087
26137
91392
10745
3231
30812
51201
7748
22982
55320
65124
148206
56751
139324
79998
201514
117154
221833
159296
118932
65988
80032
2218
54799
84034
2619
56937
6289
4756
5166
126823
147011
154007
85437
55954
10266
152789
8395
1745
91768
5020
5348
57689
9381
2837
117579
121549
150921
644150
54102
2532
6372
57657
115950
143689
440822
64216
80380
259215
117156
92304
140609
285025
57158
22987
6066
6060
778
10999
126298
55051
26504
9847
4430
10965
80856
64434
84074
26521
55096
158055
57578
3882
84529
6433
7062
285855
125336
56907
342372
134265
1545
11014
441246
593
387753
148867
26167
5209
337972
644815
29097
79780
11283
1652
55846
3036
153222
359710
83900
87171
84188
23418
10721
55627
3883
154790
6173
55153
23491
7503
7482
117583
9824
57584
9828
57619
23094
4508
11062
26762
84833
653808
57523
200931
389874
84986
54749
79152
58506
84465
6585
252983
79868
23053
91752
165530
26205
4037
259230
729262
9086
146433
23518
23060
23587
401442
30815
51754
9415
23271
7095
126075
25894
55184
124401
136227
84901
388531
2900
326594
23215
84881
51411
23545
1138
23189
137362
23196
10908
26165
10947
54863
169981
23592
220885
54514
27249
401548
286887
3311
192666
51350
100130892
9119
441642
729611
729362
152663
146556
124637
388698
57214
55295
147670
28318
353299
387867
644540
100132053
619563
441502
128872
388122
100131971
84159
1310
26011
553117
286133
374955
100287898
256309
220064
284393
121227
100506736
728774
270
100130561
203427
85364
117531
149224
480
388344
641293
729402
26781
8332
8331
8329
2352
4239
79901
57449
221935
387755
26285
350383
116135
395
55117
59352
2696
246176
219770
7478
10343
29951
266727
4128
388753
90673
648791
84919
9758
23248
9663
50651
27107
152485
8351
100008589
100008588
8343
8344
8346
10171
85014
9050
57091
79834
8688
23772
56126
58505
4948
2844
374393
51398
55601
57786
29953
5444
89846
6571
9563
148789
57685
2677
57462
9860
6448
79573
158880
10846
23334
2644
26827
26509
5357
84163
51279
11138
64101
130813
92126
10400
64418
338376
124912
284521
26000
6646
64897
128646
1414
5409
10777
3176
4951
4501
26093
5121
388536
203569
115861
4504
50810
29094
1427
26716
200895
161253
200316
9715
126364
94056
5064
90737
10223
90416
27284
154881
222068
5158
9118
94032
389125
7870
51108
81693
129531
100151683
100151684
339201
9622
6405
2542
1043
3543
116833
11237
51311
10333
4550
55000
202658
56664
56663
100144435
337875
26065
5670
1804
7716
83440
27122
121506
84961
9147
9780
54856
57414
136647
84153
55858
84233
219431
56146
203547
22928
85460
23211
29078
114625
56262
78988
440434
100130932
8611
79829
390916
728116
257160
80095
5145
29957
389203
29087
285676
25921
144108
84084
26515
100131017
145553
4489
56604
81490
2952
23483
285590
255252
83473
253724
56922
64768
10424
51263
90231
55055
54928
10463
29842
133558
3340
64114
286205
125488
51449
1836
5408
22986
9946
7779
247
374395
91433
144195
92745
162394
10113
55788
100132057
83891
126637
348093
677768
677776
26821
197358
80709
9609
8972
6762
653604
189
7991
5483
58538
346389
150221
7834
60685
92979
728239
58499
387104
3652
339451
64410
79786
23510
54813
56062
55709
84541
79798
6507
79736
79070
10962
202
144233
55727
222950
138716
339829
283219
85442
646377
647013
8897
403244
56142
55066
11122
79085
160335
10090
678
284697
1370
387751
145567
594
23155
79029
3136
552900
360165
149095
340578
203611
9426
285556
10349
152002
170958
79369
286207
151887
286148
53353
387856
10517
284958
115294
100131863
56995
80737
133584
79153
222698
100131713
57458
84083
85235
448834
152217
79135
79825
692224
55289
170691
656
94240
100130302
283927
643677
729708
81616
9236
152330
54798
140850
146754
345630
55137
114805
374875
653499
3110
284203
7739
115196
54508
3806
3810
100128400
32
653505
259217
23026
25861
23228
22903
84614
84131
129852
6450
348180
474382
54816
7554
54766
55102
80183
283643
51622
9895
81839
140775
57609
90187
114882
158326
4541
5253
54875
197322
2555
2559
150365
345757
6947
10804
2707
8484
56942
9166
5638
407006
693164
406912
64180
49860
7634
80129
2128
84924
25799
91869
56603
23399
26826
26825
144132
272
6939
8677
8388
4353
55766
6037
10816
55614
23015
10457
3706
2523
127933
64921
284996
64224
23536
153562
492311
54491
23670
90488
9749
399979
6302
9885
160760
79192
54621
51170
9249
23760
285193
56674
4718
400242
55151
128853
137695
83989
57181
57157
6695
79183
6715
51083
24150
90362
220074
57185
254531
286046
6322
84436
51312
150465
84803
55171
54733
1486
123036
55253
51012
84869
10160
113444
1306
6515
157506
83930
27032
55776
195827
388272
55608
51084
51029
123811
113178
3988
4973
389289
342897
387496
22856
84327
79956
55205
159371
132720
286319
59274
83543
4608
115004
139231
283651
55974
140883
54890
728833
26035
51093
93622
65055
79794
11238
51559
90806
54665
54680
79943
734
6584
148137
388719
1389
81571
401994
167153
29887
116039
55450
201266
83641
158293
8821
148534
126231
387882
23096
79752
56994
84336
55435
83849
57711
168850
2589
56892
285498
23272
220
55654
54497
51315
145173
284611
84928
93134
55635
144348
55027
253558
30850
9697
54901
84886
79086
399726
411
54741
56900
118987
201164
445328
254428
158747
9811
23366
10479
64766
54482
10882
150864
131920
58492
29928
9159
80194
219874
80219
8745
51696
10867
128338
121665
60481
164091
55331
54619
114659
53354
139886
23167
23531
9791
79683
374986
84641
79646
386607
158586
387640
90736
9813
283431
135293
9334
79647
9831
116843
55180
439921
90204
256356
81688
64089
6574
360023
9213
7117
57190
23306
55571
149076
51768
9469
6698
57700
9880
285636
1368
196527
9906
64645
221749
51646
157567
83941
54841
9121
154807
9917
199870
81537
55326
27115
375607
83714
26835
1608
1261
1357
55567
28299
84918
5140
84883
2798
91807
140469
6509
55959
7294
494551
9816
84450
23469
8568
79707
54454
6051
317781
84700
117153
221178
64429
388512
23187
85360
79649
54873
221496
57513
3400
168620
100129654
4808
1347
7033
64319
57666
84236
151525
6856
10791
4360
8000
115019
3284
3502
51337
9980
23218
54898
79071
142680
11264
6029
200958
51715
84885
7477
219736
63910
29015
55751
81691
133015
58158
29940
55365
7066
342926
197196
116437
10660
55181
140707
55259
375850
57553
7399
9797
26256
29990
54549
80760
93492
199720
728411
22852
29960
5118
54980
219990
27035
26831
100129696
9745
55255
139804
56052
796
6539
8884
11174
719
100289290
3578
3772
4142
9194
28577
6586
9607
1087
120425
7032
80205
389541
9427
158809
9900
6540
9537
6988
29965
80005
92014
6522
23074
120
285761
338699
387718
196740
388135
375759
56948
90853
55296
641373
140886
23460
10924
11061
714
128876
100616101
79925
26049
643314
57165
64866
3501
283160
254879
8911
1120
57722
4995
5197
255189
154754
23036
23261
23315
79778
7498
64131
6526
4549
78986
4070
201931
55328
90580
53822
192683
7840
51023
54838
80127
90637
119016
201283
653188
729324
9553
51167
57828
80162
118663
132671
219402
348303
653602
146206
168391
653147
642954
374900
374928
632
148266
388569
199704
253639
146542
284406
79818
9849
11041
79789
222236
57683
100506898
135295
54466
653781
57231
140564
81575
647099
58496
3046
653214
8854
283970
401509
1384
130399
55359
89857
386617
317719
257240
51725
375593
1750
25943
7762
91464
83694
415116
55351
163223
53637
439996
357
283458
54947
22801
89910
150709
115827
136306
654790
27175
283248
166968
63916
55785
94134
400745
54953
81025
22873
151295
80201
51427
10903
10905
23173
157922
55219
100293516
79987
147664
57134
7980
113026
25987
57821
81566
10610
58486
55714
145483
375449
3631
22869
9496
8310
9993
133957
54658
2581
726
115024
8857
10806
649330
664618
643224
441400
8345
440689
9103
728556
340481
23526
57575
91300
441234
100131980
285296
25914
340990
390883
93034
57482
100507321
84253
100130417
26998
127343
253175
152098
686
100272216
54768
100288805
653489
641977
143941
91074
389151
55706
6916
27329
149013
25832
100132406
728841
400818
55672
7760
64405
90199
9786
56171
84876
80217
58515
84314
51752
653583
63924
7190
220042
57817
346
29058
219654
729515
154467
196410
677800
51734
100506144
89822
2691
8309
23600
51179
196743
23417
122970
100137049
145264
54145
27293
643752
161291
64788
163688
1621
64220
347734
158763
51175
51087
8633
3617
56154
150572
79832
51091
84629
727676
6076
129138
348801
7743
139065
163259
84765
388325
90527
130271
246777
29106
85413
28912
152110
55364
100287932
7425
85379
6706
284110
388115
100526737
90665
9582
28442
57608
6700
100526740
643904
11022
9452
139322
54845
9830
692312
57505
11000
151126
283556
79587
387263
54480
57211
768213
10942
23731
148113
1690
5169
9843
85450
143888
23240
653566
375387
23324
4126
4248
100302213
100302168
646309
78991
619569
6083
26820
26813
26815
26814
60559
64420
23505
199953
54867
55761
7368
221806
3321
407043
8603
6787
57480
84318
317762
26115
165055
222584
57148
116988
57706
55667
22876
9710
79668
57460
284361
83460
51234
84070
10518
399694
29943
116447
205860
79830
4493
100419906
9772
151195
201627
83758
2524
8620
8681
8701
9760
11322
23023
25880
55515
57547
64137
65996
80122
80740
81562
83857
387316
85395
115908
128653
159091
285195
401296
554206
100128252
84071
56884
84229
5651
84818
2701
79971
150353
150468
55218
26030
54968
619279
91452
85461
161436
92154
255057
728622
27295
285093
79177
84304
7116
84460
283212
441518
3441
79802
339231
255167
286499
644903
729603
29923
253769
390535
100132565
253635
96626
388633
83659
729533
140706
284069
337974
284656
84265
54762
283152
129049
51409
84124
255193
337879
79755
139341
55796
284194
56896
386672
2014
22845
401507
401508
220963
79979
90288
112970
122060
126969
138162
149069
254173
144347
222662
132954
85397
158787
160419
253827
284992
285987
342132
388695
399761
163154
317671
441150
441208
440023
653240
206338
130026
115584
339745
4062
399947
10417
284338
169026
389123
283768
149950
644186
346157
128209
125965
727751
221044
283685
340075
283461
344892
219738
245934
283870
440184
222894
728175
100288797
388387
401288
100288778
9254
1844
574040
91683
23052
51629
126326
26782
692196
677679
81563
677775
344787
6043
2121
441094
654322
677841
100124533
594839
654319
407835
26795
55071
158135
677824
677804
92715
119385
79591
92482
619565
677833
677826
9304
654320
54851
55572
283377
100500842
100131561
692053
55640
440253
161823
728758
100129387
145781
64285
677813
90835
692076
619505
314
692227
440456
677781
26810
1185
128077
25912
23432
83479
3142
65094
79894
2498
10322
2110
79810
724102
113829
55568
51000
202915
441191
402483
6575
286102
114991
27090
84895
57713
57209
747
23642
23625
5138
353116
55334
90141
146050
339123
57017
79018
100170841
84299
28958
146909
100287042
60386
80000
80131
284323
55101
6415
400720
647979
150223
402055
100132163
84187
286467
50814
54896
100130557
9654
84343
64747
53834
57205
651746
203069
114789
22849
143570
9746
55647
388561
100527943
780851
124975
55113
124817
84933
148870
112752
84948
22844
284486
56181
84929
155006
92129
140947
152816
27004
27254
55857
57116
91156
164153
170384
170392
200132
219899
259232
259240
342908
388389
440603
56969
493911
492303
139212
414318
84536
440087
10650
152756
167465
170394
283165
284276
284618
542767
80774
53346
407738
9703
50674
56895
91252
91661
158427
162972
199223
254359
343472
347517
441362
348110
55238
285141
441519
23480
6649
55194
57228
79089
203562
399665
79932
207147
28396
170685
245806
23554
51277
85479
171484
11105
266697
64518
113802
340706
30848
123688
127829
28990
9560
84976
79368
337963
339210
78998
79581
154043
55222
152573
80714
5229
8437
84858
1908
375748
6815
55380
55808
27304
4524
976
89845
10998
83943
27321
84572
9955
51710
90113
83854
84279
126792
112770
100505776
100289574
25976
27309
374920
340543
152687
645323
4503
163702
283120
378938
50854
23671
169200
113263
81558
9762
89801
55731
84915
85443
284459
10308
57677
90075
7705
10156
221188
164781
149461
221091
123970
93517
116832
388403
84648
140689
11037
5273
441525
150681
84874
29931
23395
6036
6519
5731
2658
85349
761
80169
137133
100616191
157769
389842
221547
54795
29799
54558
83550
201134
400221
348654
344657
4584
727830
406884
406891
126820
1768
55179
442497
4246
144568
84176
100271357
376940
80704
6482
57623
90338
3699
57047
100132288
7365
90333
2262
79838
57393
56287
51284
6518
64218
84650
8510
267004
7044
286042
6554
57130
5016
11055
3373
80148
79644
2628
79689
7364
7982
6035
7363
6920
10103
10329
113277
54657
79634
23729
26873
389690
6248
84992
7869
79816
79413
84302
113000
283629
169270
195814
27314
51704
25798
80309
100529239
100130086
159119
199
275
353142
8632
282969
10568
100526832
84908
6094
55425
407021
221143
8776
8483
389435
644907
374378
2925
100271066
91978
193629
28424
139378
400682
644934
730668
64066
6704
79339
118430
5314
1826
550631
29881
219293
54827
84264
55105
157680
56977
23401
64860
348262
89887
26279
109
353189
9287
390760
2086
441869
23080
66004
57529
6038
57688
802
280
80336
28919
8744
6981
692204
619570
677815
26799
692088
780853
692158
692089
652966
677850
26832
100033430
100033413
100033435
677840
100033433
26853
100033821
64232
9881
375337
100131689
79366
100131827
56128
154091
57282
122402
25946
219578
23507
391002
57497
57705
4694
128869
8559
57380
115
729092
102288414
653268
728127
56311
79822
645432
122258
131831
92558
161142
2978
51594
342979
414059
144406
121355
79893
23007
166378
54965
1349
28972
9556
116064
432369
54329
51555
57507
54674
389170
23361
79990
57216
221061
91584
401399
56132
58527
101
441282
57613
89958
5540
100129271
54537
3034
56300
4565
56928
728269
29902
30833
85452
63876
84514
53373
56996
10723
84230
3503
202018
51290
131544
400506
221785
51333
63977
197407
728577
29967
79414
51650
341208
254773
221301
119032
147409
23357
221357
57728
5672
643836
64856
90701
727837
55028
220323
51537
388558
55526
728441
51241
135228
152992
349565
54808
28834
146923
256714
158158
8225
83693
116151
285598
84890
445571
645345
124446
153129
256471
29954
8034
55248
10648
11272
57189
80144
63917
4238
121260
9990
22875
6542
57493
79572
133418
9725
349667
80036
389337
101060200
203111
23180
21
57198
54503
23341
116150
80255
100134938
26020
84243
57168
374897
338324
50489
643246
51114
57665
51326
10536
51321
253512
63933
4121
29801
253782
1472
171586
132001
29988
115939
59344
27152
122961
80728
22847
84240
152579
222696
100101467
114821
79934
285966
64077
124565
4696
79465
9953
346689
50515
79147
285362
9692
64327
54584
91749
83642
286423
221079
90826
8509
153642
64132
387921
84059
145864
120071
60625
55214
388650
153364
374882
79675
124454
55316
10505
22979
25789
9394
389362
84668
440686
10585
89944
57089
9143
54996
57153
11230
441250
128486
91461
643853
10162
84920
124936
144404
9294
9488
55244
100302090
79783
114787
79134
57465
1116
6567
65010
283578
8710
242
56917
9487
28982
57224
340527
2356
278
100287362
92922
1186
345778
94097
440138
54664
26507
84910
55254
84138
9333
6650
494115
4249
148423
51054
401115
51463
254048
197258
6309
653519
29985
11005
92747
8288
3512
115209
7485
340371
55711
11015
201158
9016
644019
728013
80146
79809
8447
144577
6397
255104
56776
727851
83741
54577
92255
51092
79651
23230
8459
113189
90161
92370
2650
7903
64146
22901
8722
148398
149175
337876
10220
828
84940
154791
729438
5275
25829
79064
201232
81577
57186
60509
2135
352909
84889
7473
94059
55972
84068
5675
26050
346288
54839
8501
10082
56255
6443
29929
27433
221322
2306
5806
100528064
11166
81931
80264
727936
6533
26032
10003
727910
246181
375743
79605
84455
797
146713
147991
253152
144363
414919
548594
140683
54832
9215
25819
64743
27344
126917
84276
387911
392360
143872
2894
51104
245812
6535
199857
51077
29095
100134934
653857
51385
10795
113235
55260
284098
126321
147407
147166
353274
100289678
246
153396
22996
91012
2712
5188
151176
94031
89782
127700
729991
56548
23333
64755
57552
145482
57094
400793
92017
57476
11024
100507290
440519
93594
169436
9941
203523
51526
285973
160857
121214
11247
60558
441315
100287045
64118
553158
89858
134549
400735
653619
7060
375444
23274
7310
202052
343099
29118
122416
23590
79966
9562
135154
6573
284257
285220
57585
11234
5428
1807
256223
254552
404636
1419
3443
3447
3451
10964
162979
29989
55687
5151
345930
9923
80059
283358
338707
338761
79627
64427
199692
9836
360030
94137
140032
7084
794
390327
57468
253559
132430
26048
80208
54529
5988
23284
2070
6543
79725
388524
140467
27153
57691
55582
729967
729830
123016
27241
57583
4247
57452
55225
54991
1184
206358
151313
60560
81553
139604
56890
255231
54879
84144
57475
3558
728294
7976
653440
84532
727800
11163
58498
285613
81569
140851
255631
257144
375133
414927
26138
155066
284185
441273
64090
148103
255180
255043
161829
729862
30014
64648
64663
342666
100507203
388701
55500
79024
83692
113791
134553
112597
541471
113451
84677
150165
147650
246269
84618
55200
80350
221718
284040
100137047
146395
399670
196883
153643
83648
112744
729428
159162
96597
146212
339324
169166
257062
167555
140767
157753
55609
114825
54993
64399
284439
23657
29090
146227
114905
169693
113540
84288
151354
139760
28796
27177
8629
131375
81832
26533
390155
338662
390151
58495
56103
55650
795
55508
8303
8435
79582
126259
135886
340273
341392
283303
100505621
115749
81626
408263
158401
203238
1497
91966
1584
201140
59084
9002
400926
23768
2662
27198
90134
57242
254910
196913
255654
283575
284379
376132
2615
56169
347702
162417
645996
10230
10834
7932
79544
5259
266629
84631
51332
284612
338399
8876
128488
6370
100169758
91351
139081
167410
1833
116211
403313
222826
135398
150290
219972
353324
54807
10858
6569
3598
9687
148014
4338
4606
83850
114788
3000
340595
913
200298
26005
168455
113835
729440
285331
6341
1290
376693
391833
646785
728791
401817
55107
474338
27147
642812
642585
440176
100132795
729500
646875
400389
100129982
729774
400011
388339
727803
730029
388707
643617
653162
389141
644464
728599
157697
80326
644422
728953
645086
285829
113157
122589
643949
284685
606551
100131196
280655
390531
170692
1187
23116
441509
256158
100126693
151827
440699
10227
114780
57469
9058
57084
10388
90317
57194
200844
120526
286097
23359
2916
8736
168507
642636
219285
340146
55530
7113
114786
728026
54836
151963
642475
442253
1591
440044
1303
2595
7262
7543
9258
9429
9605
10144
10990
125875
133022
1521
25972
375035
394261
51006
51703
5407
79157
79161
79844
84179
84620
166863
26
57125
9679
64900
55017
138639
23150
23247
8622
23351
23232
100532731
85444
282996
55129
100129118
129642
51308
116238
497661
9538
100507703
142891
100507739
253430
317705
57415
27324
280636
127018
121551
79442
64167
51030
57720
116068
768211
28231
51524
29914
253832
285368
100506055
84826
4324
3749
116984
123207
28974
134829
29958
92749
10595
51020
100132992
23553
285643
51557
29081
338323
91181
79717
202151
5922
729857
256536
100129278
3249
79957
29942
84666
347292
114801
91975
285267
9084
164668
90649
353149
91801
79974
2850
9085
117247
56271
342346
10357
51733
51062
57611
388015
94030
5455
202374
339318
220001
80003
2852
338596
56953
10863
9629
93979
27123
57724
2567
55592
163175
285148
6847
81870
10050
157657
124751
83901
151835
100505724
23666
131034
728318
337874
337873
51310
145773
163589
728386
401447
100862847
100526739
390113
5341
10655
56111
10861
353219
143903
56920
401466
10873
79924
92691
51351
7475
7637
57412
402057
729480
136853
171177
8808
1961
100188776
102724594
51066
54436
1117
55821
389206
55063
84210
4825
644739
4858
23520
403341
2297
200350
10371
55779
341019
1293
375248
1769
25878
196385
84627
493860
55683
283372
6690
23514
647000
7569
2310
63901
63982
65065
65977
79081
79767
79774
80114
84107
84162
84437
84501
84519
84769
90321
91664
121512
126353
127253
128387
132949
139741
162073
166815
166929
205327
221035
256586
256643
284106
284207
342096
392465
400360
541466
646960
727957
729852
100271715
100381270
100500804
101059918
10911
339501
6085
6084
6086
203859
10407
28513
391491
246126
56260
51471
55504
100287569
347730
8538
283111
57477
440672
147837
85004
7712
138724
153745
168544
100127889
65217
55237
339344
85416
10347
10631
22898
23207
27109
29100
29104
50640
51188
55830
57102
57217
57643
3269
126402
84657
90827
728621
